[gd_scene load_steps=14 format=3 uid="uid://b6gcscc5y2cks"]

[ext_resource type="Script" uid="uid://ctdga2w3bfb2i" path="res://scenes/3d/ocean/ui/Shared/ocean_final_ui.gd" id="1_ooj71"]
[ext_resource type="PackedScene" uid="uid://gs4ji44u7lso" path="res://scenes/3d/info_plane/info_panel.tscn" id="2_5mhxq"]
[ext_resource type="PackedScene" uid="uid://dllfxq4s12i1m" path="res://scenes/2d/ocean/Halfdome/ocean_final_ui_left_layout-hd.tscn" id="3_myf3c"]
[ext_resource type="PackedScene" uid="uid://jo5p41tu1s7v" path="res://scenes/2d/ocean/Halfdome/ocean_final_ui_center_layout-hd.tscn" id="4_04qde"]
[ext_resource type="PackedScene" uid="uid://dk368de8s1nck" path="res://scenes/2d/ocean/Halfdome/ocean_final_ui_right_layout-hd.tscn" id="6_04qde"]
[ext_resource type="PackedScene" uid="uid://dydle42bbayw5" path="res://scenes/2d/ocean/Halfdome/ocean_final_ui_far_right_layout-hd.tscn" id="7_c5hxq"]
[ext_resource type="PackedScene" uid="uid://r35o3erm1km7" path="res://scenes/2d/ocean/Halfdome/ocean_final_ui_soundscape_layout-hd.tscn" id="7_myf3c"]
[ext_resource type="Script" uid="uid://d0mh6raybhr71" path="res://utilities/CustomBtn.gd" id="8_i6giv"]
[ext_resource type="Shader" uid="uid://csdjghf8hq8yh" path="res://scenes/3d/main_menu/materials/main_menu_long_press_btn_shader.gdshader" id="9_jst5b"]

[sub_resource type="ShaderMaterial" id="ShaderMaterial_onmsp"]
render_priority = 0
shader = ExtResource("9_jst5b")
shader_parameter/size = Vector2(1, 0.5)
shader_parameter/border_size = 0.02
shader_parameter/border_fade_in = 0.0
shader_parameter/border_fade_out = 0.0
shader_parameter/corner_radius = 0.3

[sub_resource type="QuadMesh" id="QuadMesh_nwqel"]
size = Vector2(0.8, 0.4)

[sub_resource type="BoxShape3D" id="BoxShape3D_wvo7t"]
size = Vector3(0.8, 0.4, 0.015)

[sub_resource type="BoxShape3D" id="BoxShape3D_mkmlw"]
size = Vector3(1, 2.49634, 0.0146484)

[node name="OceanFinalUi_HD" type="Node3D"]
script = ExtResource("1_ooj71")

[node name="Node3D" type="Node3D" parent="."]
transform = Transform3D(0.606391, 0, 0.795167, 0, 1, 0, -0.795167, 0, 0.606391, 0, 0, 0)

[node name="LeftInfoPanel" parent="Node3D" instance=ExtResource("2_5mhxq")]
transform = Transform3D(-6.55671e-08, 0, 1.5, 0, 1.5, 0, -1.5, 0, -6.55671e-08, -2.549, 0.378, 0.004)
scene = ExtResource("3_myf3c")

[node name="Node3D2" type="Node3D" parent="."]
transform = Transform3D(0.900691, 0, 0.434461, 0, 1, 0, -0.434461, 0, 0.900691, 0, 0, 0)

[node name="CenterInfoPanel" parent="Node3D2" instance=ExtResource("2_5mhxq")]
transform = Transform3D(1.06066, 0, 1.06066, 0, 1.5, 0, -1.06066, 0, 1.06066, -1.807, 0.378, -1.79)
scene = ExtResource("4_04qde")

[node name="Node3D5" type="Node3D" parent="."]
transform = Transform3D(0.898695, 0, -0.438575, 0, 1, 0, 0.438575, 0, 0.898695, 0, 0, 0)

[node name="RightInfoPanel" parent="Node3D5" instance=ExtResource("2_5mhxq")]
transform = Transform3D(1.06066, 0, -1.06066, 0, 1.5, 0, 1.06066, 0, 1.06066, 1.793, 0.378, -1.787)
scene = ExtResource("6_04qde")

[node name="Node3D4" type="Node3D" parent="."]
transform = Transform3D(0.602372, 0, -0.798215, 0, 1, 0, 0.798215, 0, 0.602372, 0, 0, 0)

[node name="FarRightInfoPanel" parent="Node3D4" instance=ExtResource("2_5mhxq")]
transform = Transform3D(0, 0, -1.5, 0, 1.5, 0, 1.5, 0, 0, 2.5475, 0.377997, 0.00256944)
scene = ExtResource("7_c5hxq")

[node name="Node3D3" type="Node3D" parent="."]
transform = Transform3D(0.999999, 0, 0.00150118, 0, 1, 0, -0.00150118, 0, 0.999999, 0, 0, 0)

[node name="SoundscapePanel" parent="Node3D3" instance=ExtResource("2_5mhxq")]
transform = Transform3D(1.5, 0, 0, 0, 1.5, 0, 0, 0, 1.5, 0, 0.38218, -2.53726)
scene = ExtResource("7_myf3c")

[node name="ReturnBtn" type="Area3D" parent="."]
transform = Transform3D(1, 0, 0, 0, 1, 0, 0, 0, 1, 0, -0.806571, -0.641156)
visible = false
collision_layer = 4
collision_mask = 0
monitoring = false
script = ExtResource("8_i6giv")

[node name="BtnBackground" type="MeshInstance3D" parent="ReturnBtn"]
transform = Transform3D(1, 0, 0, 0, 1, 0, 0, 0, 1, 0, 0, -1.88958)
sorting_offset = 1.0
material_override = SubResource("ShaderMaterial_onmsp")
mesh = SubResource("QuadMesh_nwqel")
skeleton = NodePath("../../..")

[node name="BtnLabel" type="Label3D" parent="ReturnBtn"]
transform = Transform3D(1, 0, 0, 0, 1, 0, 0, 0, 1, 0, 0, -1.88738)
pixel_size = 0.001
double_sided = false
render_priority = 2
outline_render_priority = 1
modulate = Color(0.160784, 0.207843, 0.537255, 1)
outline_modulate = Color(0.160784, 0.207843, 0.537255, 1)
text = "RETURN_TO_MM_LBL"
font_size = 128
outline_size = 8

[node name="BtnCollisionShape" type="CollisionShape3D" parent="ReturnBtn"]
transform = Transform3D(1, 0, 0, 0, 1, 0, 0, 0, 1, 0, 0, -1.88958)
shape = SubResource("BoxShape3D_wvo7t")

[node name="BGArea" type="Area3D" parent="."]
transform = Transform3D(1, 0, 0, 0, 1, 0, 0, 0, 1, -0.0170231, -0.0404669, -1.74482)
collision_layer = 4
collision_mask = 0
monitoring = false

[node name="Node3D" type="Node3D" parent="BGArea"]

[node name="CollisionShape3D" type="CollisionShape3D" parent="BGArea/Node3D"]
transform = Transform3D(1, 0, 0, 0, 1, 0, 0, 0, 1, 0, 0, -0.612552)
shape = SubResource("BoxShape3D_mkmlw")

[node name="CollisionShape3D2" type="CollisionShape3D" parent="BGArea/Node3D"]
transform = Transform3D(0.965926, 0, -0.258819, 0, 1, 0, 0.258819, 0, 0.965926, 0.979443, 0, -0.483834)
shape = SubResource("BoxShape3D_mkmlw")

[node name="CollisionShape3D3" type="CollisionShape3D" parent="BGArea/Node3D"]
transform = Transform3D(0.965926, 0, 0.258819, 0, 1, 0, -0.258819, 0, 0.965926, -0.979, 0, -0.48395)
shape = SubResource("BoxShape3D_mkmlw")

[node name="CollisionShape3D4" type="CollisionShape3D" parent="BGArea/Node3D"]
transform = Transform3D(0.707107, 0, 0.707107, 0, 1, 0, -0.707107, 0, 0.707107, -1.81199, 0, -0.00356793)
shape = SubResource("BoxShape3D_mkmlw")

[node name="CollisionShape3D6" type="CollisionShape3D" parent="BGArea/Node3D"]
transform = Transform3D(0.258819, 0, 0.965926, 0, 1, 0, -0.965926, 0, 0.258819, -2.29288, 0, 0.837985)
shape = SubResource("BoxShape3D_mkmlw")

[node name="CollisionShape3D5" type="CollisionShape3D" parent="BGArea/Node3D"]
transform = Transform3D(0.707107, 0, -0.707107, 0, 1, 0, 0.707107, 0, 0.707107, 1.812, 0, -0.00394988)
shape = SubResource("BoxShape3D_mkmlw")

[node name="CollisionShape3D7" type="CollisionShape3D" parent="BGArea/Node3D"]
transform = Transform3D(0.258819, 0, -0.965926, 0, 1, 0, 0.965926, 0, 0.258819, 2.29703, 0, 0.837603)
shape = SubResource("BoxShape3D_mkmlw")

[node name="CollisionShape3D9" type="CollisionShape3D" parent="BGArea/Node3D"]
transform = Transform3D(0, 0, -1, 0, 1, 0, 1, 0, 0, 2.42701, 0, 1.82492)
shape = SubResource("BoxShape3D_mkmlw")

[node name="Node3D2" type="Node3D" parent="BGArea"]
transform = Transform3D(-0.978732, -2.51901e-06, -0.205145, -4.13866e-06, 1, 7.46532e-06, 0.205145, 8.15562e-06, -0.978732, 0, 0, 1.74073)

[node name="CollisionShape3D8" type="CollisionShape3D" parent="BGArea/Node3D2"]
transform = Transform3D(1, 0, 0, 0, 1, 0, 0, 0, 1, 0, 0, -2.35329)
shape = SubResource("BoxShape3D_mkmlw")

[node name="CollisionShape3D10" type="CollisionShape3D" parent="BGArea/Node3D2"]
transform = Transform3D(0.965926, 0, -0.258819, 0, 1, 0, 0.258819, 0, 0.965926, 0.979443, 0, -2.22457)
shape = SubResource("BoxShape3D_mkmlw")

[node name="CollisionShape3D11" type="CollisionShape3D" parent="BGArea/Node3D2"]
transform = Transform3D(0.965926, 0, 0.258819, 0, 1, 0, -0.258819, 0, 0.965926, -0.979, 0, -2.22468)
shape = SubResource("BoxShape3D_mkmlw")

[node name="CollisionShape3D12" type="CollisionShape3D" parent="BGArea/Node3D2"]
transform = Transform3D(0.707107, 0, 0.707107, 0, 1, 0, -0.707107, 0, 0.707107, -1.81199, 0, -1.7443)
shape = SubResource("BoxShape3D_mkmlw")

[node name="CollisionShape3D14" type="CollisionShape3D" parent="BGArea/Node3D2"]
transform = Transform3D(0.707107, 0, -0.707107, 0, 1, 0, 0.707107, 0, 0.707107, 1.812, 0, -1.74468)
shape = SubResource("BoxShape3D_mkmlw")

[node name="CollisionShape3D15" type="CollisionShape3D" parent="BGArea/Node3D2"]
transform = Transform3D(0.258819, 0, -0.965926, 0, 1, 0, 0.965926, 0, 0.258819, 2.29703, 0, -0.903132)
shape = SubResource("BoxShape3D_mkmlw")

[node name="CollisionShape3D16" type="CollisionShape3D" parent="BGArea/Node3D2"]
transform = Transform3D(0, 0, -1, 0, 1, 0, 1, 0, 0, 2.42701, 0, 0.0841855)
shape = SubResource("BoxShape3D_mkmlw")
