[gd_scene load_steps=73 format=3 uid="uid://dpt7q5gnv4ouc"]

[ext_resource type="Script" uid="uid://cmlvky1b2c5s7" path="res://scenes/3d/animals/dolphins/bottlenose/bottlenose_dolphin.gd" id="1_ceecq"]
[ext_resource type="Material" uid="uid://cv1n36tnl331h" path="res://scenes/3d/animals/dolphins/bottlenose/materials/bottlenose_dolphin_hq_material.tres" id="2_88fky"]
[ext_resource type="ArrayMesh" uid="uid://ls70ppiwaxmg" path="res://scenes/3d/animals/dolphins/bottlenose/mesh/dolphin_body.res" id="2_mktec"]
[ext_resource type="Material" uid="uid://dyohmys8um47y" path="res://scenes/3d/animals/dolphins/bottlenose/materials/bottlenose_dolphin_default_material.tres" id="2_njnc8"]
[ext_resource type="Animation" uid="uid://ygdm6eov1o3y" path="res://scenes/3d/animals/dolphins/bottlenose/animations/dolphin__static_pose.res" id="3_sj8l0"]
[ext_resource type="Script" uid="uid://bqwm7ba7t8t1v" path="res://utilities/CustomMeshInstance3D.gd" id="4_frnvs"]
[ext_resource type="Animation" uid="uid://d2r7xde7h52kk" path="res://scenes/3d/animals/dolphins/bottlenose/animations/dolphin_breathe1.res" id="4_nrotj"]
[ext_resource type="Animation" uid="uid://qtjtv55ngwxy" path="res://scenes/3d/animals/dolphins/bottlenose/animations/dolphin_idle1.res" id="5_o2xmr"]
[ext_resource type="Animation" uid="uid://coxexvf1i67es" path="res://scenes/3d/animals/dolphins/bottlenose/animations/dolphin_idle2.res" id="6_tqqrh"]
[ext_resource type="Animation" uid="uid://c6asffycvh16a" path="res://scenes/3d/animals/dolphins/bottlenose/animations/dolphin_leap1.res" id="7_rxw6j"]
[ext_resource type="Animation" uid="uid://n6ge6nfiqsli" path="res://scenes/3d/animals/dolphins/bottlenose/animations/dolphin_leap2.res" id="8_hoagp"]
[ext_resource type="Animation" uid="uid://bl5aa3syoivac" path="res://scenes/3d/animals/dolphins/bottlenose/animations/dolphin_leap3.res" id="9_rlxlu"]
[ext_resource type="Animation" uid="uid://dfvaygvmml0oa" path="res://scenes/3d/animals/dolphins/bottlenose/animations/dolphin_speedup1.res" id="10_2f7pa"]
[ext_resource type="Animation" uid="uid://xs8aoxdk10sc" path="res://scenes/3d/animals/dolphins/bottlenose/animations/dolphin_speedup2.res" id="11_tfxbe"]
[ext_resource type="Animation" uid="uid://b0tagfxyh1l1p" path="res://scenes/3d/animals/dolphins/bottlenose/animations/dolphin_swim1.res" id="12_gamh2"]
[ext_resource type="Animation" uid="uid://dhld4ak2ba3sa" path="res://scenes/3d/animals/dolphins/bottlenose/animations/dolphin_swim2.res" id="13_gtmkj"]
[ext_resource type="Animation" uid="uid://cr8cd1pnj5r1h" path="res://scenes/3d/animals/dolphins/bottlenose/animations/dolphin_swim3.res" id="14_q2mje"]
[ext_resource type="Animation" uid="uid://ddhvtvyechxga" path="res://scenes/3d/animals/dolphins/bottlenose/animations/dolphin_swim_end.res" id="15_phvir"]
[ext_resource type="Animation" uid="uid://bgxr72vxkoa1d" path="res://scenes/3d/animals/dolphins/bottlenose/animations/dolphin_swim_start.res" id="16_dsq8l"]
[ext_resource type="Animation" uid="uid://d0lg1ysqfsiaq" path="res://scenes/3d/animals/dolphins/bottlenose/animations/dolphin_turnL_end.res" id="17_ly4e3"]
[ext_resource type="Animation" uid="uid://cdc2j0hvwir71" path="res://scenes/3d/animals/dolphins/bottlenose/animations/dolphin_turnL_start.res" id="18_ws7ll"]
[ext_resource type="Animation" uid="uid://cnmf5ji7bjjf7" path="res://scenes/3d/animals/dolphins/bottlenose/animations/dolphin_turnL_swim1.res" id="19_yl1aa"]
[ext_resource type="Animation" uid="uid://c0ovug0a1gi76" path="res://scenes/3d/animals/dolphins/bottlenose/animations/dolphin_turnR_end.res" id="20_o2sgh"]
[ext_resource type="Animation" uid="uid://ckdwq1javt4bo" path="res://scenes/3d/animals/dolphins/bottlenose/animations/dolphin_turnR_start.res" id="21_a78uq"]
[ext_resource type="Animation" uid="uid://yemwybyo5d25" path="res://scenes/3d/animals/dolphins/bottlenose/animations/dolphin_turnR_swim1.res" id="22_brno1"]
[ext_resource type="Animation" uid="uid://b7wdbyhk8yyau" path="res://scenes/3d/animals/dolphins/bottlenose/animations/dolphin_twist1.res" id="23_cbua2"]
[ext_resource type="Animation" uid="uid://ccbo22y0hmonu" path="res://scenes/3d/animals/dolphins/bottlenose/animations/dolphin_twist2.res" id="24_8wu5n"]

[sub_resource type="Skin" id="Skin_v5a7r"]
resource_name = "Skin"
bind_count = 64
bind/0/name = &"Root"
bind/0/bone = -1
bind/0/pose = Transform3D(-1, 0, 0, 0, -1, 0, 0, 0, 1, 0, 0, 0)
bind/1/name = &"Center"
bind/1/bone = -1
bind/1/pose = Transform3D(1, -8.74228e-08, 0, 0, 0, 1, -8.74228e-08, -1, 0, -4.57125e-11, 0.000238119, -0.00052289)
bind/2/name = &"Center.001"
bind/2/bone = -1
bind/2/pose = Transform3D(1, 0, 0, 0, 0, 1, 0, -1, 0, 0, 3.81187e-05, -0.00052289)
bind/3/name = &"Chest.001"
bind/3/bone = -1
bind/3/pose = Transform3D(1, 0, 0, 0, -0.99815, -0.0607961, 0, 0.0607961, -0.99815, 0, -0.000512081, 0.000193371)
bind/4/name = &"Head.002"
bind/4/bone = -1
bind/4/pose = Transform3D(1, 0, 0, 0, -0.937206, -0.348776, 0, 0.348776, -0.937206, 0, -0.00352504, 0.00127493)
bind/5/name = &"Nose.001"
bind/5/bone = -1
bind/5/pose = Transform3D(1, 0, 0, 0, -0.887304, -0.461184, 0, 0.461184, -0.887304, 0, -0.006576, 0.00209803)
bind/6/name = &"Nose.002"
bind/6/bone = -1
bind/6/pose = Transform3D(1, 0, 0, 0, -0.950936, -0.309387, 0, 0.309387, -0.950936, 0, -0.00819583, 0.000763959)
bind/7/name = &"Eye.R"
bind/7/bone = -1
bind/7/pose = Transform3D(-0.364106, 0.931356, -0.00195539, -0.931356, -0.364109, -0.00133524, -0.00195556, 0.00133486, 0.999997, 0.00463257, -0.00299341, 0.000830941)
bind/8/name = &"Eye.L"
bind/8/bone = -1
bind/8/pose = Transform3D(-0.364106, -0.931356, 0.00195539, 0.931356, -0.364109, -0.00133524, 0.00195556, 0.00133486, 0.999997, -0.00463257, -0.00299341, 0.000830941)
bind/9/name = &"LowerEyelid.L"
bind/9/bone = -1
bind/9/pose = Transform3D(0.35995, 0.932971, 0.00117365, 0.835878, -0.321931, -0.4446, -0.414421, 0.161015, -0.895729, 0.00464582, -0.00284889, 0.000512547)
bind/10/name = &"LowerEyelid.R"
bind/10/bone = -1
bind/10/pose = Transform3D(0.35995, -0.932971, -0.00117365, -0.835878, -0.321931, -0.4446, 0.414421, 0.161015, -0.895729, -0.00464582, -0.00284889, 0.000512547)
bind/11/name = &"UpperEyelid.L"
bind/11/bone = -1
bind/11/pose = Transform3D(-0.345622, -0.937479, -0.0409733, 0.880343, -0.339056, 0.33172, -0.324872, 0.078579, 0.942488, -0.00471543, -0.00235009, 0.00148472)
bind/12/name = &"UpperEyelid.R"
bind/12/bone = -1
bind/12/pose = Transform3D(-0.345622, 0.937479, 0.0409733, -0.880343, -0.339056, 0.33172, 0.324872, 0.078579, 0.942488, 0.00471543, -0.00235009, 0.00148472)
bind/13/name = &"Jaw.001"
bind/13/bone = -1
bind/13/pose = Transform3D(1, -6.57352e-15, 2.37344e-14, 7.04421e-15, -0.847114, -0.531411, 2.3599e-14, 0.531411, -0.847114, -7.69148e-18, -0.00462999, 0.00170796)
bind/14/name = &"Jaw.002"
bind/14/bone = -1
bind/14/pose = Transform3D(1, 8.40793e-16, -1.26853e-15, -1.99493e-21, -0.83353, -0.552474, -1.52187e-15, 0.552474, -0.83353, -2.00614e-17, -0.00784423, 0.00190514)
bind/15/name = &"Face.L.002"
bind/15/bone = -1
bind/15/pose = Transform3D(0.865673, -0.163606, -0.47312, 0.494832, 0.136489, 0.858203, -0.0758319, -0.977038, 0.199113, -0.00205501, 0.00228442, -0.00497986)
bind/16/name = &"Face.R.002"
bind/16/bone = -1
bind/16/pose = Transform3D(0.865673, 0.163607, 0.47312, -0.494833, 0.136489, 0.858202, 0.0758315, -0.977038, 0.199113, 0.00205501, 0.00228442, -0.00497986)
bind/17/name = &"Tongue.002"
bind/17/bone = -1
bind/17/pose = Transform3D(1, 6.51748e-21, -1.01864e-20, -1.79512e-21, -0.807724, -0.589561, -1.17981e-20, 0.589561, -0.807724, 2.00095e-23, -0.00631089, 0.00223167)
bind/18/name = &"Tongue.001"
bind/18/bone = -1
bind/18/pose = Transform3D(1, 2.65443e-21, 3.70575e-21, 7.98809e-22, -0.857642, -0.514246, 5.0866e-22, 0.514246, -0.857643, 2.68502e-23, -0.0055544, 0.00165292)
bind/19/name = &"Neck.002"
bind/19/bone = -1
bind/19/pose = Transform3D(1, 0, 0, 0, -0.965579, -0.260112, 0, 0.260112, -0.965579, 0, -0.00380894, -0.000438157)
bind/20/name = &"Neck.003"
bind/20/bone = -1
bind/20/pose = Transform3D(1, 0, 0, 0, -0.918374, -0.395713, 0, 0.395713, -0.918374, 0, -0.00639196, 0.000482222)
bind/21/name = &"Face.L.001"
bind/21/bone = -1
bind/21/pose = Transform3D(0, -0.962692, -0.270601, 1, 0, 0, 0, -0.270601, 0.962692, -0.00583312, -3.41503e-16, 0.000376824)
bind/22/name = &"Face.R.001"
bind/22/bone = -1
bind/22/pose = Transform3D(0, 0.962692, 0.270601, -1, 0, 0, 0, -0.270601, 0.962692, 0.00583312, -1.94855e-16, 0.000376824)
bind/23/name = &"Neck.001"
bind/23/bone = -1
bind/23/pose = Transform3D(1, 0, 0, 0, -0.974447, -0.224618, 0, 0.224618, -0.974447, 0, -0.00311833, -0.000624491)
bind/24/name = &"Stomata.001"
bind/24/bone = -1
bind/24/pose = Transform3D(1, 0, 0, 0, -0.839117, 0.543951, 0, -0.543951, -0.839117, 0, -0.00470008, -0.00308225)
bind/25/name = &"Forehead.001"
bind/25/bone = -1
bind/25/pose = Transform3D(1, -1.10949e-16, 1.21731e-15, 1.1095e-16, -0.983523, -0.180785, 1.21731e-15, 0.180785, -0.983523, 4.4693e-20, -0.00580792, 0.000574746)
bind/26/name = &"Forehead.002"
bind/26/bone = -1
bind/26/pose = Transform3D(1, -1.1095e-16, 1.21731e-15, 1.1095e-16, -0.983523, -0.180785, 1.21731e-15, 0.180785, -0.983523, 4.46897e-20, -0.00727841, 0.000574746)
bind/27/name = &"Fin.R.001"
bind/27/bone = -1
bind/27/pose = Transform3D(0.528667, 0.130367, -0.838758, -0.838519, 0.233755, -0.492184, 0.131899, 0.963516, 0.232894, -2.02166e-05, 8.26299e-05, 0.00276842)
bind/28/name = &"Fin.R.002"
bind/28/bone = -1
bind/28/pose = Transform3D(0.500214, 0.111893, -0.858642, -0.75007, 0.551449, -0.365102, 0.432645, 0.826671, 0.359769, -0.00013458, -0.000377135, 0.00308941)
bind/29/name = &"Fin.R.003"
bind/29/bone = -1
bind/29/pose = Transform3D(0.541721, 0.0626443, -0.838221, -0.612672, 0.712158, -0.342731, 0.575475, 0.699219, 0.424171, -8.90134e-05, -0.000770588, 0.00330993)
bind/30/name = &"Fin.R.004"
bind/30/bone = -1
bind/30/pose = Transform3D(0.529656, 0.0770722, -0.844703, -0.471715, 0.854423, -0.217821, 0.704946, 0.513829, 0.488907, -0.000122778, -0.000940542, 0.00363008)
bind/31/name = &"Fin.R.005"
bind/31/bone = -1
bind/31/pose = Transform3D(0.529657, 0.077073, -0.844703, -0.471714, 0.854424, -0.21782, 0.704947, 0.513828, 0.488908, -0.000122777, -0.00179534, 0.00363008)
bind/32/name = &"Fin.L.001"
bind/32/bone = -1
bind/32/pose = Transform3D(0.528667, -0.130367, 0.838758, 0.838519, 0.233755, -0.492184, -0.131899, 0.963516, 0.232894, 2.02166e-05, 8.26299e-05, 0.00276842)
bind/33/name = &"Fin.L.002"
bind/33/bone = -1
bind/33/pose = Transform3D(0.500214, -0.111893, 0.858642, 0.75007, 0.551449, -0.365102, -0.432645, 0.826671, 0.359769, 0.00013458, -0.000377135, 0.00308941)
bind/34/name = &"Fin.L.003"
bind/34/bone = -1
bind/34/pose = Transform3D(0.541721, -0.0626443, 0.838221, 0.612672, 0.712158, -0.342731, -0.575475, 0.699219, 0.424171, 8.90134e-05, -0.000770588, 0.00330993)
bind/35/name = &"Fin.L.004"
bind/35/bone = -1
bind/35/pose = Transform3D(0.529656, -0.0770722, 0.844703, 0.471715, 0.854423, -0.217821, -0.704946, 0.513829, 0.488907, 0.000122778, -0.000940542, 0.00363008)
bind/36/name = &"Fin.L.005"
bind/36/bone = -1
bind/36/pose = Transform3D(0.529657, -0.077073, 0.844703, 0.471714, 0.854424, -0.21782, -0.704947, 0.513828, 0.488908, 0.000122777, -0.00179534, 0.00363008)
bind/37/name = &"Spine.001"
bind/37/bone = -1
bind/37/pose = Transform3D(1, 0, 0, 0, 0.999451, 0.0331368, 0, -0.0331368, 0.999451, 0, 0.00159396, -0.000149296)
bind/38/name = &"Chest.002"
bind/38/bone = -1
bind/38/pose = Transform3D(1, 0, 0, 0, -0.987813, -0.155648, 0, 0.155648, -0.987813, 0, -0.00239309, -0.000841888)
bind/39/name = &"Spine.002"
bind/39/bone = -1
bind/39/pose = Transform3D(1, 3.55779e-30, -4.79641e-38, -3.55779e-30, 1, -1.19209e-07, -1.71809e-37, 4.82908e-08, 1, 1.86034e-33, 0.00052289, -0.000161881)
bind/40/name = &"Spine.004"
bind/40/bone = -1
bind/40/pose = Transform3D(1, 4.57447e-24, 1.05967e-22, 9.69352e-31, 0.99907, -0.0431286, -1.06066e-22, 0.0431286, 0.99907, -2.71132e-26, -0.0021681, -0.000255626)
bind/41/name = &"Spine.005"
bind/41/bone = -1
bind/41/pose = Transform3D(1, 4.99176e-24, 1.05956e-22, -9.69352e-31, 0.998892, -0.0470596, -1.06073e-22, 0.0470595, 0.998892, -2.89807e-26, -0.00446923, -0.000273214)
bind/42/name = &"Spine.006"
bind/42/bone = -1
bind/42/pose = Transform3D(1, 2.51306e-23, 1.01286e-22, 0, 0.970571, -0.240815, -1.04357e-22, 0.240815, 0.970571, -1.59564e-25, -0.00629383, -0.00152903)
bind/43/name = &"Spine.007"
bind/43/bone = -1
bind/43/pose = Transform3D(1, 3.12006e-23, 9.8057e-23, 0, 0.952924, -0.30321, -1.02901e-22, 0.30321, 0.952924, -2.12573e-25, -0.00821543, -0.0020658)
bind/44/name = &"Spine.008"
bind/44/bone = -1
bind/44/pose = Transform3D(1, 3.81711e-23, 9.29166e-23, -5.16988e-30, 0.924989, -0.379995, -1.00452e-22, 0.379995, 0.924989, -2.88331e-25, -0.00973742, -0.00287035)
bind/45/name = &"Spine.009"
bind/45/bone = -1
bind/45/pose = Transform3D(1, 4.56674e-23, 8.48659e-23, -1.03398e-29, 0.880599, -0.473861, -9.63729e-23, 0.473861, 0.880599, -3.9004e-25, -0.0111389, -0.0040472)
bind/46/name = &"Spine.010"
bind/46/bone = -1
bind/46/pose = Transform3D(1, 4.84967e-23, 8.0717e-23, -1.03398e-29, 0.857181, -0.515015, -9.41656e-23, 0.515015, 0.857181, -4.36867e-25, -0.0123994, -0.00463935)
bind/47/name = &"Spine.011"
bind/47/bone = -1
bind/47/pose = Transform3D(1, 4.84964e-23, 8.07175e-23, -5.16988e-30, 0.857184, -0.51501, -9.41659e-23, 0.51501, 0.857184, -4.36862e-25, -0.0134639, -0.00463927)
bind/48/name = &"Tail.R.001"
bind/48/bone = -1
bind/48/pose = Transform3D(0.465556, 0.877068, -0.118365, -0.868333, 0.426828, -0.252617, -0.171041, 0.220387, 0.960299, -0.0121353, -0.00642895, -0.000392817)
bind/49/name = &"Tail.R.002"
bind/49/bone = -1
bind/49/pose = Transform3D(0.465558, 0.877067, -0.118364, -0.868333, 0.42683, -0.252617, -0.171041, 0.220387, 0.960299, -0.0121353, -0.00761648, -0.000392814)
bind/50/name = &"Tail.R.003"
bind/50/bone = -1
bind/50/pose = Transform3D(0.465557, 0.877067, -0.118364, -0.868333, 0.426829, -0.252617, -0.171041, 0.220387, 0.960299, -0.0121353, -0.00880398, -0.000392815)
bind/51/name = &"Tail.R.004"
bind/51/bone = -1
bind/51/pose = Transform3D(0.465557, 0.877067, -0.118364, -0.868333, 0.426829, -0.252617, -0.171041, 0.220387, 0.960299, -0.0121353, -0.00999148, -0.000392811)
bind/52/name = &"Tail.L.001"
bind/52/bone = -1
bind/52/pose = Transform3D(0.465556, -0.877068, 0.118365, 0.868333, 0.426828, -0.252617, 0.171041, 0.220387, 0.960299, 0.0121353, -0.00642895, -0.000392817)
bind/53/name = &"Tail.L.002"
bind/53/bone = -1
bind/53/pose = Transform3D(0.465558, -0.877067, 0.118364, 0.868333, 0.42683, -0.252617, 0.171041, 0.220387, 0.960299, 0.0121353, -0.00761648, -0.000392814)
bind/54/name = &"Tail.L.003"
bind/54/bone = -1
bind/54/pose = Transform3D(0.465557, -0.877067, 0.118364, 0.868333, 0.426829, -0.252617, 0.171041, 0.220387, 0.960299, 0.0121353, -0.00880398, -0.000392815)
bind/55/name = &"Tail.L.004"
bind/55/bone = -1
bind/55/pose = Transform3D(0.465557, -0.877067, 0.118364, 0.868333, 0.426829, -0.252617, 0.171041, 0.220387, 0.960299, 0.0121353, -0.00999148, -0.000392811)
bind/56/name = &"DorFin.002"
bind/56/bone = -1
bind/56/pose = Transform3D(1, 4.14088e-16, -1.10821e-16, 1.84314e-22, 0.258527, 0.966004, 4.28661e-16, -0.966004, 0.258527, -8.3855e-19, -0.00142174, 0.00195621)
bind/57/name = &"DorFin.003"
bind/57/bone = -1
bind/57/pose = Transform3D(1, 6.8949e-16, -3.68699e-16, 2.1684e-22, 0.471555, 0.881837, 7.8188e-16, -0.881837, 0.471555, -9.15938e-19, -0.00358383, 0.00117146)
bind/58/name = &"DorFin.004"
bind/58/bone = -1
bind/58/pose = Transform3D(1, 8.28105e-16, -8.68526e-16, 2.1684e-22, 0.723748, 0.690065, 1.20004e-15, -0.690065, 0.723748, 4.29003e-19, -0.00483021, -0.000357491)
bind/59/name = &"DorFin.005"
bind/59/bone = -1
bind/59/pose = Transform3D(1, 7.25767e-16, -1.22977e-15, 2.60209e-22, 0.861207, 0.508255, 1.42796e-15, -0.508255, 0.861207, 2.48574e-18, -0.0059091, -0.00174076)
bind/60/name = &"DorFin.006"
bind/60/bone = -1
bind/60/pose = Transform3D(1, 7.25765e-16, -1.22977e-15, 1.73472e-22, 0.861208, 0.508253, 1.42796e-15, -0.508253, 0.861208, 2.48577e-18, -0.00694514, -0.00174078)
bind/61/name = &"Head.001"
bind/61/bone = -1
bind/61/pose = Transform3D(1, 0, 0, 0, -0.971599, -0.236633, 0, 0.236634, -0.971599, 0, -0.00258994, 0.000662595)
bind/62/name = &"Spine.003"
bind/62/bone = -1
bind/62/pose = Transform3D(1, 0, 0, 0, 0.999803, -0.0198536, 0, 0.0198536, 0.999803, 0, -0.00127363, -0.000187204)
bind/63/name = &"DorFin.001"
bind/63/bone = -1
bind/63/pose = Transform3D(1, 0, 0, 0, 0.258527, 0.966004, 0, -0.966004, 0.258527, 0, -0.000700616, 0.00195621)

[sub_resource type="AnimationLibrary" id="AnimationLibrary_5k1xh"]
_data = {
&"dolphin|_static_pose": ExtResource("3_sj8l0"),
&"dolphin|breathe1": ExtResource("4_nrotj"),
&"dolphin|idle1": ExtResource("5_o2xmr"),
&"dolphin|idle2": ExtResource("6_tqqrh"),
&"dolphin|leap1": ExtResource("7_rxw6j"),
&"dolphin|leap2": ExtResource("8_hoagp"),
&"dolphin|leap3": ExtResource("9_rlxlu"),
&"dolphin|speedup1": ExtResource("10_2f7pa"),
&"dolphin|speedup2": ExtResource("11_tfxbe"),
&"dolphin|swim1": ExtResource("12_gamh2"),
&"dolphin|swim2": ExtResource("13_gtmkj"),
&"dolphin|swim3": ExtResource("14_q2mje"),
&"dolphin|swim_end": ExtResource("15_phvir"),
&"dolphin|swim_start": ExtResource("16_dsq8l"),
&"dolphin|turnL_end": ExtResource("17_ly4e3"),
&"dolphin|turnL_start": ExtResource("18_ws7ll"),
&"dolphin|turnL_swim1": ExtResource("19_yl1aa"),
&"dolphin|turnR_end": ExtResource("20_o2sgh"),
&"dolphin|turnR_start": ExtResource("21_a78uq"),
&"dolphin|turnR_swim1": ExtResource("22_brno1"),
&"dolphin|twist1": ExtResource("23_cbua2"),
&"dolphin|twist2": ExtResource("24_8wu5n")
}

[sub_resource type="AnimationNodeAnimation" id="AnimationNodeAnimation_4780m"]
animation = &"dolphin|idle1"

[sub_resource type="AnimationNodeAnimation" id="AnimationNodeAnimation_txqe4"]
animation = &"dolphin|idle2"
use_custom_timeline = true
timeline_length = 2.5
stretch_time_scale = true
start_offset = 0.0
loop_mode = 1

[sub_resource type="AnimationNodeAnimation" id="AnimationNodeAnimation_5i223"]
animation = &"dolphin|swim1"

[sub_resource type="AnimationNodeAnimation" id="AnimationNodeAnimation_42bgl"]
animation = &"dolphin|swim2"
use_custom_timeline = true
timeline_length = 1.25
stretch_time_scale = true
start_offset = 0.0
loop_mode = 1

[sub_resource type="AnimationNodeStateMachineTransition" id="AnimationNodeStateMachineTransition_b5n5u"]
advance_mode = 2

[sub_resource type="AnimationNodeStateMachineTransition" id="AnimationNodeStateMachineTransition_dbgao"]
xfade_time = 0.5
advance_mode = 2
advance_expression = "is_state(1)"

[sub_resource type="AnimationNodeStateMachineTransition" id="AnimationNodeStateMachineTransition_sjhv5"]
xfade_time = 0.5
advance_mode = 2
advance_expression = "is_state(0)"

[sub_resource type="AnimationNodeStateMachineTransition" id="AnimationNodeStateMachineTransition_g0wgd"]
xfade_time = 0.5
advance_mode = 2
advance_expression = "is_state(2)"

[sub_resource type="AnimationNodeStateMachineTransition" id="AnimationNodeStateMachineTransition_relsn"]
xfade_time = 0.5
advance_mode = 2
advance_expression = "is_state(1)"

[sub_resource type="AnimationNodeStateMachineTransition" id="AnimationNodeStateMachineTransition_bbae4"]
xfade_time = 0.5
advance_mode = 2
advance_expression = "is_state(2)"

[sub_resource type="AnimationNodeStateMachineTransition" id="AnimationNodeStateMachineTransition_560xu"]
xfade_time = 0.5
advance_mode = 2
advance_expression = "is_state(0)"

[sub_resource type="AnimationNodeStateMachineTransition" id="AnimationNodeStateMachineTransition_xdbtk"]
xfade_time = 0.5
advance_mode = 2
advance_expression = "is_state(3)"

[sub_resource type="AnimationNodeStateMachineTransition" id="AnimationNodeStateMachineTransition_35v4t"]
xfade_time = 0.5
advance_mode = 2
advance_expression = "is_state(3)"

[sub_resource type="AnimationNodeStateMachineTransition" id="AnimationNodeStateMachineTransition_8slqf"]
xfade_time = 0.5
advance_mode = 2
advance_expression = "is_state(3)"

[sub_resource type="AnimationNodeStateMachineTransition" id="AnimationNodeStateMachineTransition_ts70k"]
xfade_time = 0.5
advance_mode = 2
advance_expression = "is_state(0)"

[sub_resource type="AnimationNodeStateMachineTransition" id="AnimationNodeStateMachineTransition_3xj1s"]
xfade_time = 0.5
advance_mode = 2
advance_expression = "is_state(1)"

[sub_resource type="AnimationNodeStateMachineTransition" id="AnimationNodeStateMachineTransition_r4k7b"]
xfade_time = 0.5
advance_mode = 2
advance_expression = "is_state(2)"

[sub_resource type="AnimationNodeStateMachine" id="AnimationNodeStateMachine_d2kia"]
states/dolphin|idle1/node = SubResource("AnimationNodeAnimation_4780m")
states/dolphin|idle1/position = Vector2(375, 100)
states/dolphin|idle2/node = SubResource("AnimationNodeAnimation_txqe4")
states/dolphin|idle2/position = Vector2(681, 100)
states/dolphin|swim1/node = SubResource("AnimationNodeAnimation_5i223")
states/dolphin|swim1/position = Vector2(494, -78)
states/dolphin|swim2/node = SubResource("AnimationNodeAnimation_42bgl")
states/dolphin|swim2/position = Vector2(505, 208)
transitions = ["Start", "dolphin|idle1", SubResource("AnimationNodeStateMachineTransition_b5n5u"), "dolphin|idle1", "dolphin|swim1", SubResource("AnimationNodeStateMachineTransition_dbgao"), "dolphin|swim1", "dolphin|idle1", SubResource("AnimationNodeStateMachineTransition_sjhv5"), "dolphin|swim1", "dolphin|idle2", SubResource("AnimationNodeStateMachineTransition_g0wgd"), "dolphin|idle2", "dolphin|swim1", SubResource("AnimationNodeStateMachineTransition_relsn"), "dolphin|idle1", "dolphin|idle2", SubResource("AnimationNodeStateMachineTransition_bbae4"), "dolphin|idle2", "dolphin|idle1", SubResource("AnimationNodeStateMachineTransition_560xu"), "dolphin|idle1", "dolphin|swim2", SubResource("AnimationNodeStateMachineTransition_xdbtk"), "dolphin|swim1", "dolphin|swim2", SubResource("AnimationNodeStateMachineTransition_35v4t"), "dolphin|idle2", "dolphin|swim2", SubResource("AnimationNodeStateMachineTransition_8slqf"), "dolphin|swim2", "dolphin|idle1", SubResource("AnimationNodeStateMachineTransition_ts70k"), "dolphin|swim2", "dolphin|swim1", SubResource("AnimationNodeStateMachineTransition_3xj1s"), "dolphin|swim2", "dolphin|idle2", SubResource("AnimationNodeStateMachineTransition_r4k7b")]
graph_offset = Vector2(37, -103)

[sub_resource type="AnimationNodeTimeScale" id="AnimationNodeTimeScale_onkss"]

[sub_resource type="AnimationNodeBlendTree" id="AnimationNodeBlendTree_qtg35"]
nodes/StateMachine/node = SubResource("AnimationNodeStateMachine_d2kia")
nodes/StateMachine/position = Vector2(20, 100)
nodes/TimeScale/node = SubResource("AnimationNodeTimeScale_onkss")
nodes/TimeScale/position = Vector2(246, 87)
nodes/output/position = Vector2(520, 80)
node_connections = [&"TimeScale", 0, &"StateMachine", &"output", 0, &"TimeScale"]

[sub_resource type="CapsuleShape3D" id="CapsuleShape3D_j6ruk"]
radius = 0.300182
height = 2.23909

[sub_resource type="SphereShape3D" id="SphereShape3D_t8lji"]
margin = 0.001
radius = 0.22

[sub_resource type="SphereShape3D" id="SphereShape3D_l1s0u"]
margin = 0.001
radius = 0.11

[sub_resource type="AnimationNodeAnimation" id="AnimationNodeAnimation_s4kyd"]
animation = &"dolphin|idle1"
use_custom_timeline = true
timeline_length = 2.5
stretch_time_scale = true
start_offset = 0.0
loop_mode = 1

[sub_resource type="AnimationNodeAnimation" id="AnimationNodeAnimation_mfifc"]
animation = &"dolphin|idle2"

[sub_resource type="AnimationNodeAnimation" id="AnimationNodeAnimation_40cw8"]
animation = &"dolphin|swim2"
use_custom_timeline = true
timeline_length = 1.5
stretch_time_scale = true
start_offset = 0.0
loop_mode = 1

[sub_resource type="AnimationNodeAnimation" id="AnimationNodeAnimation_h0fis"]
animation = &"dolphin|swim3"

[sub_resource type="AnimationNodeStateMachineTransition" id="AnimationNodeStateMachineTransition_xucbf"]
advance_mode = 2

[sub_resource type="AnimationNodeStateMachineTransition" id="AnimationNodeStateMachineTransition_pmhoa"]
xfade_time = 0.5
advance_mode = 2
advance_expression = "is_state(1)"

[sub_resource type="AnimationNodeStateMachineTransition" id="AnimationNodeStateMachineTransition_uxyg5"]
xfade_time = 0.5
advance_mode = 2
advance_expression = "is_state(0)"

[sub_resource type="AnimationNodeStateMachineTransition" id="AnimationNodeStateMachineTransition_hnni7"]
xfade_time = 0.5
advance_mode = 2
advance_expression = "is_state(2)"

[sub_resource type="AnimationNodeStateMachineTransition" id="AnimationNodeStateMachineTransition_p1cde"]
xfade_time = 0.5
advance_mode = 2
advance_expression = "is_state(1)"

[sub_resource type="AnimationNodeStateMachineTransition" id="AnimationNodeStateMachineTransition_f26k5"]
xfade_time = 0.5
advance_mode = 2
advance_expression = "is_state(1)"

[sub_resource type="AnimationNodeStateMachineTransition" id="AnimationNodeStateMachineTransition_46cfp"]
xfade_time = 0.5
advance_mode = 2
advance_expression = "is_state(3)"

[sub_resource type="AnimationNodeStateMachineTransition" id="AnimationNodeStateMachineTransition_82edp"]
xfade_time = 0.5
advance_mode = 2
advance_expression = "is_state(0)"

[sub_resource type="AnimationNodeStateMachineTransition" id="AnimationNodeStateMachineTransition_jm5e2"]
xfade_time = 0.5
advance_mode = 2
advance_expression = "is_state(3)"

[sub_resource type="AnimationNodeStateMachineTransition" id="AnimationNodeStateMachineTransition_wprd2"]
xfade_time = 0.5
advance_mode = 2
advance_expression = "is_state(2)"

[sub_resource type="AnimationNodeStateMachineTransition" id="AnimationNodeStateMachineTransition_kdd4h"]
xfade_time = 0.5
advance_mode = 2
advance_expression = "is_state(3)"

[sub_resource type="AnimationNodeStateMachineTransition" id="AnimationNodeStateMachineTransition_c8qfe"]
xfade_time = 0.5
advance_mode = 2
advance_expression = "is_state(2)"

[sub_resource type="AnimationNodeStateMachineTransition" id="AnimationNodeStateMachineTransition_qqllf"]
xfade_time = 0.5
advance_mode = 2
advance_expression = "is_state(0)"

[sub_resource type="AnimationNodeStateMachine" id="AnimationNodeStateMachine_tx6iy"]
states/Start/position = Vector2(193, 100)
states/dolphin|idle1/node = SubResource("AnimationNodeAnimation_s4kyd")
states/dolphin|idle1/position = Vector2(677, 100)
states/dolphin|idle2/node = SubResource("AnimationNodeAnimation_mfifc")
states/dolphin|idle2/position = Vector2(354, 100)
states/dolphin|swim2/node = SubResource("AnimationNodeAnimation_40cw8")
states/dolphin|swim2/position = Vector2(521, 170)
states/dolphin|swim3/node = SubResource("AnimationNodeAnimation_h0fis")
states/dolphin|swim3/position = Vector2(521, 29)
transitions = ["Start", "dolphin|idle2", SubResource("AnimationNodeStateMachineTransition_xucbf"), "dolphin|idle2", "dolphin|swim3", SubResource("AnimationNodeStateMachineTransition_pmhoa"), "dolphin|swim3", "dolphin|idle2", SubResource("AnimationNodeStateMachineTransition_uxyg5"), "dolphin|swim3", "dolphin|idle1", SubResource("AnimationNodeStateMachineTransition_hnni7"), "dolphin|idle1", "dolphin|swim3", SubResource("AnimationNodeStateMachineTransition_p1cde"), "dolphin|swim2", "dolphin|swim3", SubResource("AnimationNodeStateMachineTransition_f26k5"), "dolphin|swim3", "dolphin|swim2", SubResource("AnimationNodeStateMachineTransition_46cfp"), "dolphin|swim2", "dolphin|idle2", SubResource("AnimationNodeStateMachineTransition_82edp"), "dolphin|idle2", "dolphin|swim2", SubResource("AnimationNodeStateMachineTransition_jm5e2"), "dolphin|swim2", "dolphin|idle1", SubResource("AnimationNodeStateMachineTransition_wprd2"), "dolphin|idle1", "dolphin|swim2", SubResource("AnimationNodeStateMachineTransition_kdd4h"), "dolphin|idle2", "dolphin|idle1", SubResource("AnimationNodeStateMachineTransition_c8qfe"), "dolphin|idle1", "dolphin|idle2", SubResource("AnimationNodeStateMachineTransition_qqllf")]
graph_offset = Vector2(89, -40)

[sub_resource type="AnimationNodeTimeScale" id="AnimationNodeTimeScale_alegb"]

[sub_resource type="AnimationNodeBlendTree" id="AnimationNodeBlendTree_4pen8"]
graph_offset = Vector2(-63.8332, 278.367)
nodes/StateMachine/node = SubResource("AnimationNodeStateMachine_tx6iy")
nodes/StateMachine/position = Vector2(-129, 132)
nodes/TimeScale/node = SubResource("AnimationNodeTimeScale_alegb")
nodes/TimeScale/position = Vector2(80, 140)
node_connections = [&"TimeScale", 0, &"StateMachine", &"output", 0, &"TimeScale"]

[node name="BottlenoseDolphin" type="Node3D" node_paths=PackedStringArray("audio_stream_player", "main_dolphin", "calf", "calf_target_pos", "obstacle_area", "obstacle_avoidance_area")]
script = ExtResource("1_ceecq")
max_distance_to_player = 5.0
breathing_surface_offset = -0.25
audio_stream_player = NodePath("DolphinAudioPlayer")
main_dolphin = NodePath("bottlenose_dolphin")
calf = NodePath("Calf")
calf_target_pos = NodePath("CalfTargetPos")
obstacle_area = NodePath("ObstacleArea3D")
obstacle_avoidance_area = NodePath("ObstacleAvoidanceArea3D")

[node name="bottlenose_dolphin" type="Node3D" parent="."]
transform = Transform3D(-1, 0, 1.50996e-07, 0, 1, 0, -1.50996e-07, 0, -1, 0, 0, 0)

[node name="dolphin" type="Node3D" parent="bottlenose_dolphin"]
transform = Transform3D(100, 0, 0, 0, -1.19209e-05, 100, 0, -100, -1.19209e-05, 0, 0, 0)

[node name="Skeleton3D" type="Skeleton3D" parent="bottlenose_dolphin/dolphin"]
bones/0/name = "Root"
bones/0/parent = -1
bones/0/rest = Transform3D(-1, 8.74228e-08, 0, -8.74228e-08, -1, 0, 0, 0, 1, 0, 0, 0)
bones/0/enabled = true
bones/0/position = Vector3(0, 0, 0)
bones/0/rotation = Quaternion(0, 0, 1, 0)
bones/0/scale = Vector3(1, 1, 1)
bones/1/name = "Center"
bones/1/parent = 0
bones/1/rest = Transform3D(-1, 0, 8.74228e-08, 8.74228e-08, 0, 1, 0, 1, 0, 0, 0.00052289, -0.000238119)
bones/1/enabled = true
bones/1/position = Vector3(0.000435396, 0.000716598, 0.000455099)
bones/1/rotation = Quaternion(0.00789418, 0.664983, 0.745978, -0.035396)
bones/1/scale = Vector3(1, 1, 1)
bones/2/name = "Center.001"
bones/2/parent = 1
bones/2/rest = Transform3D(1, 0, 8.74228e-08, 0, 1, 0, -8.74228e-08, 0, 1, 0, 0.0002, 0)
bones/2/enabled = true
bones/2/position = Vector3(0, 0.0002, 0)
bones/2/rotation = Quaternion(1.97906e-09, 4.33065e-08, -1.39698e-09, 1)
bones/2/scale = Vector3(1, 1, 1)
bones/3/name = "Chest.001"
bones/3/parent = 2
bones/3/rest = Transform3D(1, 0, 0, 0, -0.0607963, -0.99815, 0, 0.99815, -0.0607963, 0, 0.0002, 0)
bones/3/enabled = true
bones/3/position = Vector3(0, 0.0002, 0)
bones/3/rotation = Quaternion(0.75627, 0.00199348, 0.00602038, 0.654229)
bones/3/scale = Vector3(1, 1, 1)
bones/4/name = "Head.002"
bones/4/parent = 3
bones/4/rest = Transform3D(1, 0, 0, 0, 0.956677, -0.291153, 0, 0.291153, 0.956677, 0, 0.00323144, 9.55108e-12)
bones/4/enabled = true
bones/4/position = Vector3(0, 0.00323144, 2.32831e-12)
bones/4/rotation = Quaternion(0.124399, -0.0194925, -0.00569293, 0.992024)
bones/4/scale = Vector3(1, 1, 1)
bones/5/name = "Nose.001"
bones/5/parent = 4
bones/5/rest = Transform3D(1, 0, 0, 0, 0.992437, -0.122754, 0, 0.122754, 0.992437, 0, 0.00325877, 1.64667e-10)
bones/5/enabled = true
bones/5/position = Vector3(0, 0.00325877, 0)
bones/5/rotation = Quaternion(0.0614933, 0, 0, 0.998107)
bones/5/scale = Vector3(1, 1, 1)
bones/6/name = "Nose.002"
bones/6/parent = 5
bones/6/rest = Transform3D(1, 0, 0, 0, 0.986454, 0.164036, 0, -0.164036, 0.986454, 0, 0.00138349, -1.67153e-10)
bones/6/enabled = true
bones/6/position = Vector3(0, 0.00138349, 1.49012e-10)
bones/6/rotation = Quaternion(-0.0822974, 0, 0, 0.996608)
bones/6/scale = Vector3(1, 1, 1)
bones/7/name = "Nose.002_end"
bones/7/parent = 6
bones/7/rest = Transform3D(1, 0, 0, 0, 1, 0, 0, 0, 1, 0, 0.000622403, 0)
bones/7/enabled = true
bones/7/position = Vector3(0, 0.000622403, 0)
bones/7/rotation = Quaternion(0, 0, 0, 1)
bones/7/scale = Vector3(1, 1, 1)
bones/8/name = "Eye.R"
bones/8/parent = 4
bones/8/rest = Transform3D(-0.364106, -0.931355, -0.00195552, -0.87219, 0.34171, -0.350026, 0.326667, -0.125741, -0.936738, -0.00109956, 0.00182918, 0.000163599)
bones/8/enabled = true
bones/8/position = Vector3(-0.00109956, 0.00182918, 0.000163599)
bones/8/rotation = Quaternion(-0.554735, 0.812797, -0.146337, -0.101078)
bones/8/scale = Vector3(1, 1, 1)
bones/9/name = "Eye.R_end"
bones/9/parent = 8
bones/9/rest = Transform3D(1, 0, 0, 0, 1, 0, 0, 0, 1, 0, 0.000148141, 0)
bones/9/enabled = true
bones/9/position = Vector3(0, 0.000148141, 0)
bones/9/rotation = Quaternion(0, 0, 0, 1)
bones/9/scale = Vector3(1, 1, 1)
bones/10/name = "Eye.L"
bones/10/parent = 4
bones/10/rest = Transform3D(-0.364106, 0.931355, 0.00195552, 0.87219, 0.34171, -0.350026, -0.326667, -0.125741, -0.936738, 0.00109956, 0.00182918, 0.000163599)
bones/10/enabled = true
bones/10/position = Vector3(0.00109956, 0.00182918, 0.000163599)
bones/10/rotation = Quaternion(0.554734, 0.812797, -0.146337, 0.101078)
bones/10/scale = Vector3(1, 1, 1)
bones/11/name = "Eye.L_end"
bones/11/parent = 10
bones/11/rest = Transform3D(1, 0, 0, 0, 1, 0, 0, 0, 1, 0, 0.000148141, 0)
bones/11/enabled = true
bones/11/position = Vector3(0, 0.000148141, 0)
bones/11/rotation = Quaternion(0, 0, 0, 1)
bones/11/scale = Vector3(1, 1, 1)
bones/12/name = "LowerEyelid.L"
bones/12/parent = 4
bones/12/rest = Transform3D(0.35995, 0.835878, -0.414421, -0.874795, 0.456782, 0.161505, 0.324298, 0.3044, 0.89564, 0.00092147, 0.00175765, 0.000176441)
bones/12/enabled = true
bones/12/position = Vector3(0.00092147, 0.00175765, 0.000176441)
bones/12/rotation = Quaternion(0.0415205, -0.223097, -0.519858, 0.82356)
bones/12/scale = Vector3(1, 1, 1)
bones/13/name = "LowerEyelid.L_end"
bones/13/parent = 12
bones/13/rest = Transform3D(1, 0, 0, 0, 1, 0, 0, 0, 1, 0, 0.000421293, 0)
bones/13/enabled = true
bones/13/position = Vector3(0, 0.000421293, 0)
bones/13/rotation = Quaternion(0, 0, 0, 1)
bones/13/scale = Vector3(1, 1, 1)
bones/14/name = "LowerEyelid.R"
bones/14/parent = 4
bones/14/rest = Transform3D(0.35995, -0.835878, 0.414421, 0.874795, 0.456782, 0.161505, -0.324298, 0.3044, 0.89564, -0.00092147, 0.00175765, 0.000176441)
bones/14/enabled = true
bones/14/position = Vector3(-0.00092147, 0.00175765, 0.000176441)
bones/14/rotation = Quaternion(0.0415205, 0.223097, 0.519858, 0.82356)
bones/14/scale = Vector3(1, 1, 1)
bones/15/name = "LowerEyelid.R_end"
bones/15/parent = 14
bones/15/rest = Transform3D(1, 0, 0, 0, 1, 0, 0, 0, 1, 0, 0.000421293, 0)
bones/15/enabled = true
bones/15/position = Vector3(0, 0.000421293, 0)
bones/15/rotation = Quaternion(0, 0, 0, 1)
bones/15/scale = Vector3(1, 1, 1)
bones/16/name = "UpperEyelid.L"
bones/16/parent = 4
bones/16/rest = Transform3D(-0.345622, 0.880343, -0.324872, 0.892901, 0.202069, -0.402362, -0.28857, -0.429144, -0.855899, 0.000921471, 0.00175765, 0.000176439)
bones/16/enabled = true
bones/16/position = Vector3(0.000921471, 0.00175765, 0.000176439)
bones/16/rotation = Quaternion(0.571914, 0.7759, -0.266063, -0.0101566)
bones/16/scale = Vector3(1, 1, 1)
bones/17/name = "UpperEyelid.L_end"
bones/17/parent = 16
bones/17/rest = Transform3D(1, 0, 0, 0, 1, 0, 0, 0, 1, 0, 0.000400015, 0)
bones/17/enabled = true
bones/17/position = Vector3(0, 0.000400015, 0)
bones/17/rotation = Quaternion(0, 0, 0, 1)
bones/17/scale = Vector3(1, 1, 1)
bones/18/name = "UpperEyelid.R"
bones/18/parent = 4
bones/18/rest = Transform3D(-0.345622, -0.880343, 0.324872, -0.892901, 0.202069, -0.402362, 0.28857, -0.429144, -0.855899, -0.000921471, 0.00175765, 0.000176439)
bones/18/enabled = true
bones/18/position = Vector3(-0.000921471, 0.00175765, 0.000176439)
bones/18/rotation = Quaternion(-0.571914, 0.7759, -0.266063, 0.0101566)
bones/18/scale = Vector3(1, 1, 1)
bones/19/name = "UpperEyelid.R_end"
bones/19/parent = 18
bones/19/rest = Transform3D(1, 0, 0, 0, 1, 0, 0, 0, 1, 0, 0.000400015, 0)
bones/19/enabled = true
bones/19/position = Vector3(0, 0.000400015, 0)
bones/19/rotation = Quaternion(0, 0, 0, 1)
bones/19/scale = Vector3(1, 1, 1)
bones/20/name = "Jaw.001"
bones/20/parent = 4
bones/20/rest = Transform3D(1, 7.04422e-15, 2.3599e-14, -2.11726e-15, 0.979264, -0.202588, -2.45367e-14, 0.202588, 0.979264, 0, 0.00135495, 0.00054037)
bones/20/enabled = true
bones/20/position = Vector3(0, 0.00135495, 0.00054037)
bones/20/rotation = Quaternion(0.000268474, 3.3662e-09, -3.16613e-09, 1)
bones/20/scale = Vector3(1, 1, 1)
bones/21/name = "Jaw.002"
bones/21/parent = 20
bones/21/rest = Transform3D(1, -7.63342e-15, -2.49369e-14, 7.00607e-15, 0.999686, -0.0250612, 2.51204e-14, 0.0250612, 0.999686, 1.95236e-24, 0.00325953, -6.44431e-11)
bones/21/enabled = true
bones/21/position = Vector3(0, 0.00325953, -1.49012e-10)
bones/21/rotation = Quaternion(0.0124998, -1.01241e-05, 3.53629e-06, 0.999922)
bones/21/scale = Vector3(1, 1, 1)
bones/22/name = "Jaw.002_end"
bones/22/parent = 21
bones/22/rest = Transform3D(1, 0, 0, 0, 1, 0, 0, 0, 1, 0, 0.000558987, 0)
bones/22/enabled = true
bones/22/position = Vector3(0, 0.000558987, 0)
bones/22/rotation = Quaternion(0, 0, 0, 1)
bones/22/scale = Vector3(1, 1, 1)
bones/23/name = "Face.L.002"
bones/23/parent = 20
bones/23/rest = Transform3D(0.865673, 0.494832, -0.0758318, 0.390015, -0.57168, 0.721852, 0.313844, -0.654464, -0.68788, 0.000270934, 0.00107218, 0.000422433)
bones/23/enabled = true
bones/23/position = Vector3(0.00029159, 0.00097244, 0.000345938)
bones/23/rotation = Quaternion(0.866513, 0.290838, 0.0815356, -0.397392)
bones/23/scale = Vector3(1.0895, 0.842306, 1.0895)
bones/24/name = "Face.L.002_end"
bones/24/parent = 23
bones/24/rest = Transform3D(1, 0, 0, 0, 1, 0, 0, 0, 1, 0, 0.00131466, 0)
bones/24/enabled = true
bones/24/position = Vector3(0, 0.00131466, 0)
bones/24/rotation = Quaternion(0, 0, 0, 1)
bones/24/scale = Vector3(1, 1, 1)
bones/25/name = "Face.R.002"
bones/25/parent = 20
bones/25/rest = Transform3D(0.865674, -0.494832, 0.0758315, -0.390014, -0.571681, 0.721852, -0.313844, -0.654463, -0.687881, -0.000270934, 0.00107218, 0.000422434)
bones/25/enabled = true
bones/25/position = Vector3(-0.000247275, 0.000964565, 0.000346845)
bones/25/rotation = Quaternion(0.86094, -0.306066, -0.0880636, -0.396674)
bones/25/scale = Vector3(1.07872, 0.859353, 1.07872)
bones/26/name = "Face.R.002_end"
bones/26/parent = 25
bones/26/rest = Transform3D(1, 0, 0, 0, 1, 0, 0, 0, 1, 0, 0.00131466, 0)
bones/26/enabled = true
bones/26/position = Vector3(0, 0.00131466, 0)
bones/26/rotation = Quaternion(0, 0, 0, 1)
bones/26/scale = Vector3(1, 1, 1)
bones/27/name = "Tongue.002"
bones/27/parent = 20
bones/27/rest = Transform3D(1, -8.6833e-15, -2.30464e-14, 7.04421e-15, 0.997534, -0.0701917, 2.3599e-14, 0.0701917, 0.997533, -1.10589e-17, 0.00182199, -7.52398e-05)
bones/27/enabled = true
bones/27/position = Vector3(1.28057e-11, 0.00182199, -7.52398e-05)
bones/27/rotation = Quaternion(0.0351175, 1.27139e-09, -9.64921e-10, 0.999383)
bones/27/scale = Vector3(1, 1, 1)
bones/28/name = "Tongue.002_end"
bones/28/parent = 27
bones/28/rest = Transform3D(1, 0, 0, 0, 1, 0, 0, 0, 1, 0, 0.000495626, 0)
bones/28/enabled = true
bones/28/position = Vector3(0, 0.000495626, 0)
bones/28/rotation = Quaternion(0, 0, 0, 1)
bones/28/scale = Vector3(1, 1, 1)
bones/29/name = "Tongue.001"
bones/29/parent = 20
bones/29/rest = Transform3D(1, -6.56761e-15, -2.37361e-14, 7.04421e-15, 0.999797, 0.0201356, 2.3599e-14, -0.0201356, 0.999797, -4.93678e-18, 0.000890008, -5.647e-05)
bones/29/enabled = true
bones/29/position = Vector3(-4.93677e-18, 0.000890009, -5.64703e-05)
bones/29/rotation = Quaternion(-0.0100683, -6.51838e-10, -2.16276e-08, 0.999949)
bones/29/scale = Vector3(1, 1, 1)
bones/30/name = "Tongue.001_end"
bones/30/parent = 29
bones/30/rest = Transform3D(1, 0, 0, 0, 1, 0, 0, 0, 1, 0, 0.000932167, 0)
bones/30/enabled = true
bones/30/position = Vector3(0, 0.000932167, 0)
bones/30/rotation = Quaternion(0, 0, 0, 1)
bones/30/scale = Vector3(1, 1, 1)
bones/31/name = "Neck.002"
bones/31/parent = 4
bones/31/rest = Transform3D(1, 0, 0, 0, 0.995667, 0.0929925, 0, -0.0929925, 0.995667, 0, 0.000308147, 0.00135698)
bones/31/enabled = true
bones/31/position = Vector3(5.33302e-05, 0.000245681, 0.0013684)
