[gd_scene load_steps=30 format=3 uid="uid://cklg8u74xgmet"]

[ext_resource type="ArrayMesh" uid="uid://dwf3km8nwfe50" path="res://scenes/3d/animals/dolphins/orca/mesh/killerwhaleBF_body.res" id="1_2wq1q"]
[ext_resource type="Script" uid="uid://b6377fupkjg5c" path="res://scenes/3d/animals/dolphins/orca/orca.gd" id="1_j4rgb"]
[ext_resource type="Animation" uid="uid://bfw6my1337ilg" path="res://scenes/3d/animals/dolphins/orca/animations/dolphin__static_pose.res" id="2_j0omf"]
[ext_resource type="Material" uid="uid://cilirlqyvtgb" path="res://scenes/3d/animals/dolphins/orca/materials/orca_low_material.tres" id="2_wk4og"]
[ext_resource type="Animation" uid="uid://b5p0148xr7jja" path="res://scenes/3d/animals/dolphins/orca/animations/dolphin_attack_bite_A.res" id="3_s65fv"]
[ext_resource type="Script" uid="uid://bqwm7ba7t8t1v" path="res://utilities/CustomMeshInstance3D.gd" id="4_jlwkf"]
[ext_resource type="Material" uid="uid://b7v2xqjocuktn" path="res://scenes/3d/animals/dolphins/orca/materials/orca_hq_material.tres" id="4_q48ul"]
[ext_resource type="Animation" uid="uid://d31sxcq1xxepl" path="res://scenes/3d/animals/dolphins/orca/animations/dolphin_attack_tail_A.res" id="4_s1ymi"]
[ext_resource type="Animation" uid="uid://dk83j1d0qyxmg" path="res://scenes/3d/animals/dolphins/orca/animations/dolphin_breathe_A1.res" id="5_5sxgu"]
[ext_resource type="Animation" uid="uid://do0mne8epv423" path="res://scenes/3d/animals/dolphins/orca/animations/dolphin_idle_A1.res" id="6_g587j"]
[ext_resource type="Animation" uid="uid://bq1vwrlg5rnux" path="res://scenes/3d/animals/dolphins/orca/animations/dolphin_idle_A2.res" id="7_vg6g5"]
[ext_resource type="Animation" uid="uid://4j3j0j7b4kr1" path="res://scenes/3d/animals/dolphins/orca/animations/dolphin_leap_A1.res" id="8_wau8h"]
[ext_resource type="Animation" uid="uid://cmtc5h3583phd" path="res://scenes/3d/animals/dolphins/orca/animations/dolphin_leap_A2.res" id="9_d22ug"]
[ext_resource type="Animation" uid="uid://da32xsmdxlu28" path="res://scenes/3d/animals/dolphins/orca/animations/dolphin_speedup_A1.res" id="10_f4sn5"]
[ext_resource type="Animation" uid="uid://bklojcdq2afh8" path="res://scenes/3d/animals/dolphins/orca/animations/dolphin_speedup_A2.res" id="11_w2t1e"]
[ext_resource type="Animation" uid="uid://c472elo3blfij" path="res://scenes/3d/animals/dolphins/orca/animations/dolphin_swim_A1.res" id="12_xe5iw"]
[ext_resource type="Animation" uid="uid://dj204irebspe5" path="res://scenes/3d/animals/dolphins/orca/animations/dolphin_swim_A2.res" id="13_31hq4"]
[ext_resource type="Animation" uid="uid://cu57e3uumhnew" path="res://scenes/3d/animals/dolphins/orca/animations/dolphin_swim_end_A.res" id="14_doorj"]
[ext_resource type="Animation" uid="uid://qw1iriggao3e" path="res://scenes/3d/animals/dolphins/orca/animations/dolphin_swim_start_A.res" id="15_i8u1h"]
[ext_resource type="Animation" uid="uid://dlk1t5ninalvg" path="res://scenes/3d/animals/dolphins/orca/animations/dolphin_turn_L_end_A.res" id="16_e8kxm"]
[ext_resource type="Animation" uid="uid://dd1sxns2d5ys3" path="res://scenes/3d/animals/dolphins/orca/animations/dolphin_turn_L_start_A.res" id="17_x2oxy"]
[ext_resource type="Animation" uid="uid://rni1gqbow4ei" path="res://scenes/3d/animals/dolphins/orca/animations/dolphin_turn_L_swim_A1.res" id="18_0im80"]
[ext_resource type="Animation" uid="uid://cg8ocejwybneg" path="res://scenes/3d/animals/dolphins/orca/animations/dolphin_turn_R_end_A.res" id="19_lpyh8"]
[ext_resource type="Animation" uid="uid://b50yp0ub06erd" path="res://scenes/3d/animals/dolphins/orca/animations/dolphin_turn_R_start_A.res" id="20_rsmj7"]
[ext_resource type="Animation" uid="uid://yo824a7murce" path="res://scenes/3d/animals/dolphins/orca/animations/dolphin_turn_R_swim_A1.res" id="21_7dj7y"]
[ext_resource type="Animation" uid="uid://c8dr2n2slbkvk" path="res://scenes/3d/animals/dolphins/orca/animations/dolphin_twist_A1.res" id="22_vljc7"]
[ext_resource type="Animation" uid="uid://dg4ksxmf4dd7g" path="res://scenes/3d/animals/dolphins/orca/animations/dolphin_twist_A2.res" id="23_gat5a"]

[sub_resource type="Skin" id="Skin_euvho"]
resource_name = "Skin"
bind_count = 69
bind/0/name = &"Root"
bind/0/bone = -1
bind/0/pose = Transform3D(-1, 0, 0, 0, -1, 0, 0, 0, 1, 0, 0, 0)
bind/1/name = &"Center"
bind/1/bone = -1
bind/1/pose = Transform3D(1, -1.50996e-07, 0, 0, 0, 1, -1.50996e-07, -1, 0, -2.11482e-10, 0.000637808, -0.00140058)
bind/2/name = &"Center.001"
bind/2/bone = -1
bind/2/pose = Transform3D(1, -1.42109e-14, 7.90574e-21, 1.12948e-21, 5.56317e-07, 1, -1.42109e-14, -1, 5.56317e-07, -1.99034e-17, 0.000102101, -0.00140058)
bind/3/name = &"Chest.001"
bind/3/bone = -1
bind/3/pose = Transform3D(1, 4.93625e-16, -8.10423e-15, 3.33934e-21, -0.99815, -0.0607965, -8.11926e-15, 0.0607965, -0.99815, 4.20542e-18, -0.00137163, 0.000517955)
bind/4/name = &"Head.002"
bind/4/bone = -1
bind/4/pose = Transform3D(1, 1.16872e-15, -6.00858e-15, -6.93889e-22, -0.981603, -0.190931, -6.12119e-15, 0.190931, -0.981603, 1.22938e-17, -0.0112542, 0.00200841)
bind/5/name = &"Nose.001"
bind/5/bone = -1
bind/5/pose = Transform3D(1, 1.28692e-15, -3.94709e-15, -1.56125e-21, -0.950743, -0.309982, -4.15159e-15, 0.309982, -0.950742, 1.80029e-17, -0.0186976, 0.0043364)
bind/6/name = &"Nose.002"
bind/6/bone = -1
bind/6/pose = Transform3D(1, 8.44003e-16, -5.56954e-15, -1.04083e-21, -0.988712, -0.149829, -5.63313e-15, 0.149828, -0.988712, 5.1803e-18, -0.0209056, 0.00091962)
bind/7/name = &"Eye.R"
bind/7/bone = -1
bind/7/pose = Transform3D(-0.417045, 0.904927, 0.0847428, -0.908194, -0.41855, -8.54492e-08, 0.035469, -0.0769629, 0.996403, 0.0145735, -0.0094997, 0.000970611)
bind/8/name = &"Eye.L"
bind/8/bone = -1
bind/8/pose = Transform3D(-0.417045, -0.904927, -0.0847428, 0.908194, -0.41855, -8.54492e-08, -0.035469, -0.0769629, 0.996403, -0.0145735, -0.0094997, 0.000970611)
bind/9/name = &"LowerEyelid.L"
bind/9/bone = -1
bind/9/pose = Transform3D(0.100344, 0.885803, -0.453083, 0.67792, -0.394186, -0.620517, -0.728255, -0.244889, -0.640058, 0.0138807, -0.00985471, -0.00371254)
bind/10/name = &"LowerEyelid.R"
bind/10/bone = -1
bind/10/pose = Transform3D(0.100349, -0.8858, 0.453088, -0.677927, -0.39419, -0.620507, 0.728248, -0.244894, -0.640064, -0.0138807, -0.00985478, -0.00371265)
bind/11/name = &"UpperEyelid.L"
bind/11/bone = -1
bind/11/pose = Transform3D(-0.160193, -0.903261, -0.398068, 0.55174, -0.416332, 0.72267, -0.818487, -0.103864, 0.565058, -0.0158988, -0.00694924, 0.00158449)
bind/12/name = &"UpperEyelid.R"
bind/12/bone = -1
bind/12/pose = Transform3D(-0.160193, 0.903261, 0.398067, -0.551741, -0.416331, 0.722669, 0.818487, -0.103863, 0.565059, 0.0158988, -0.00694923, 0.0015845)
bind/13/name = &"Jaw.001"
bind/13/bone = -1
bind/13/pose = Transform3D(1, 3.20543e-15, -6.73376e-15, -8.67362e-22, -0.902919, -0.429811, -7.45777e-15, 0.429811, -0.902919, 3.21257e-17, -0.0138757, 0.00430768)
bind/14/name = &"Jaw.002"
bind/14/bone = -1
bind/14/pose = Transform3D(1, 2.04671e-15, -4.03571e-15, -1.21431e-21, -0.891862, -0.452308, -4.52504e-15, 0.452308, -0.891862, 2.18224e-17, -0.0204823, 0.00482259)
bind/15/name = &"Face.L.002"
bind/15/bone = -1
bind/15/pose = Transform3D(0.852894, -0.142807, -0.502173, 0.139897, -0.864175, 0.483354, -0.502991, -0.482502, -0.717071, -0.00575036, -0.0102022, -0.0085249)
bind/16/name = &"Face.R.002"
bind/16/bone = -1
bind/16/pose = Transform3D(0.852895, 0.142807, 0.502172, -0.139896, -0.864175, 0.483354, 0.50299, -0.482502, -0.717072, 0.00575036, -0.0102022, -0.00852491)
bind/17/name = &"Tongue.002"
bind/17/bone = -1
bind/17/pose = Transform3D(1, -4.71886e-17, 1.13619e-16, -1.56667e-21, -0.923517, -0.383556, 1.23028e-16, 0.383556, -0.923518, -4.52469e-19, -0.0197638, 0.00367738)
bind/18/name = &"Tongue.001"
bind/18/bone = -1
bind/18/pose = Transform3D(1, -7.41849e-16, -1.30654e-14, -2.60208e-22, -0.998392, 0.0566881, -1.30865e-14, -0.0566881, -0.998392, -6.92581e-17, -0.0172192, -0.00529233)
bind/19/name = &"Neck.002"
bind/19/bone = -1
bind/19/pose = Transform3D(1, 1.35273e-21, -1.39265e-21, -2.36239e-21, -0.6885, -0.725236, -2.93566e-21, 0.725236, -0.6885, -2.34199e-23, -0.00922854, 0.00732877)
bind/20/name = &"Face.L.001"
bind/20/bone = -1
bind/20/pose = Transform3D(0.0975627, -0.64619, -0.756915, 0.948105, -0.170912, 0.268116, -0.302619, -0.743793, 0.595981, -0.0121653, -0.0010412, -0.00718411)
bind/21/name = &"Face.R.001"
bind/21/bone = -1
bind/21/pose = Transform3D(0.0975626, 0.64619, 0.756915, -0.948105, -0.170911, 0.268116, 0.302619, -0.743793, 0.595981, 0.0121653, -0.0010412, -0.00718411)
bind/22/name = &"Neck.001"
bind/22/bone = -1
bind/22/pose = Transform3D(1, 1.00273e-21, -1.62027e-22, -1.4128e-21, -0.382338, -0.924023, -7.68393e-22, 0.924023, -0.382338, -2.74942e-23, -0.00455181, 0.00781088)
bind/23/name = &"Stomata.001"
bind/23/bone = -1
bind/23/pose = Transform3D(1, -1.54491e-14, -4.55298e-15, -6.93889e-22, -0.282689, 0.959212, -1.6106e-14, -0.959212, -0.282689, -2.56928e-16, -0.00487988, -0.0159523)
bind/24/name = &"Forehead.001"
bind/24/bone = -1
bind/24/pose = Transform3D(1, 1.54224e-16, -8.74679e-15, -1.00831e-21, -0.999844, -0.0176294, -8.74815e-15, 0.0176294, -0.999844, -4.72598e-18, -0.0171038, -0.000540221)
bind/25/name = &"Forehead.002"
bind/25/bone = -1
bind/25/pose = Transform3D(1, 1.5416e-16, -8.74678e-15, -7.15573e-22, -0.999845, -0.017622, -8.74814e-15, 0.017622, -0.999845, -4.7273e-18, -0.0206389, -0.000540373)
bind/26/name = &"Neck.003"
bind/26/bone = -1
bind/26/pose = Transform3D(1, 3.99021e-21, -1.51872e-20, -1.41898e-21, -0.964536, -0.263953, -1.79301e-20, 0.263953, -0.964536, -3.13575e-23, -0.0145354, 0.00061028)
bind/27/name = &"Jaw.003"
bind/27/bone = -1
bind/27/pose = Transform3D(1, -4.01179e-21, 1.19995e-20, -1.29972e-21, -0.949801, -0.312855, 1.15899e-20, 0.312855, -0.949801, -7.62607e-23, -0.0145528, 0.00321445)
bind/28/name = &"Fin.R.001"
bind/28/bone = -1
bind/28/pose = Transform3D(0.432218, -0.0736604, -0.898756, -0.899302, 0.0384659, -0.435633, 0.0666603, 0.996541, -0.0496173, -0.00168268, -0.00258974, 0.00732017)
bind/29/name = &"Fin.R.002"
bind/29/bone = -1
bind/29/pose = Transform3D(0.814079, -0.139474, -0.563758, -0.507772, 0.300185, -0.8075, 0.281857, 0.943629, 0.173553, 0.00101181, -0.00339568, 0.00885232)
bind/30/name = &"Fin.R.003"
bind/30/bone = -1
bind/30/pose = Transform3D(0.830541, -0.162231, -0.532807, -0.412375, 0.463895, -0.784059, 0.374365, 0.870909, 0.318384, 0.0012243, -0.0060089, 0.0101575)
bind/31/name = &"Fin.R.004"
bind/31/bone = -1
bind/31/pose = Transform3D(0.824281, -0.153145, -0.545076, -0.294068, 0.706882, -0.643305, 0.483824, 0.690554, 0.537634, 0.00107619, -0.00654056, 0.012711)
bind/32/name = &"Fin.R.005"
bind/32/bone = -1
bind/32/pose = Transform3D(0.824282, -0.153147, -0.545075, -0.294066, 0.706882, -0.643306, 0.483823, 0.690554, 0.537634, 0.00107621, -0.00935915, 0.012711)
bind/33/name = &"Fin.R.007"
bind/33/bone = -1
bind/33/pose = Transform3D(0.433025, -0.0611133, -0.899308, -0.899301, 0.0384628, -0.435636, 0.0612131, 0.997389, -0.0383038, -0.00159041, -0.0042318, 0.00734075)
bind/34/name = &"Fin.L.001"
bind/34/bone = -1
bind/34/pose = Transform3D(0.432216, 0.0736601, 0.898757, 0.899303, 0.0384656, -0.435631, -0.0666599, 0.996541, -0.0496173, 0.00168268, -0.00258973, 0.00732017)
bind/35/name = &"Fin.L.002"
bind/35/bone = -1
bind/35/pose = Transform3D(0.81408, 0.139475, 0.563757, 0.507771, 0.300184, -0.807501, -0.281857, 0.943629, 0.173553, -0.00101182, -0.00339567, 0.00885231)
bind/36/name = &"Fin.L.003"
bind/36/bone = -1
bind/36/pose = Transform3D(0.830541, 0.16223, 0.532807, 0.412376, 0.463895, -0.784059, -0.374364, 0.87091, 0.318384, -0.00122431, -0.0060089, 0.0101575)
bind/37/name = &"Fin.L.004"
bind/37/bone = -1
bind/37/pose = Transform3D(0.824281, 0.153146, 0.545076, 0.294068, 0.706881, -0.643306, -0.483824, 0.690554, 0.537633, -0.00107619, -0.00654056, 0.012711)
bind/38/name = &"Fin.L.005"
bind/38/bone = -1
bind/38/pose = Transform3D(0.824281, 0.153146, 0.545075, 0.294067, 0.706882, -0.643306, -0.483823, 0.690554, 0.537634, -0.00107621, -0.00935914, 0.012711)
bind/39/name = &"Fin.L.007"
bind/39/bone = -1
bind/39/pose = Transform3D(0.43302, 0.0611129, 0.89931, 0.899303, 0.0384629, -0.435631, -0.0612128, 0.99739, -0.0383038, 0.00159042, -0.00423179, 0.00734075)
bind/40/name = &"Spine.001"
bind/40/bone = -1
bind/40/pose = Transform3D(1, 1.48074e-21, -7.08859e-22, -8.44362e-22, 0.999374, 0.0353689, 1.45918e-22, -0.0353688, 0.999374, -1.03291e-23, 0.00473281, -0.00039761)
bind/41/name = &"Chest.002"
bind/41/bone = -1
bind/41/pose = Transform3D(1, -1.37875e-14, 3.47956e-16, -4.11997e-22, -0.025229, -0.999682, 1.37919e-14, 0.999682, -0.025229, -8.58491e-17, -0.000949494, 0.00622462)
bind/42/name = &"Fin.R.006"
bind/42/bone = -1
bind/42/pose = Transform3D(0.432219, -0.0736609, -0.898755, -0.899302, 0.0384668, -0.435635, 0.0666615, 0.996541, -0.0496171, -0.00168267, -0.00160581, 0.00732016)
bind/43/name = &"Fin.L.006"
bind/43/bone = -1
bind/43/pose = Transform3D(0.432219, 0.0736609, 0.898755, 0.899302, 0.0384668, -0.435635, -0.0666615, 0.996541, -0.0496171, 0.00168267, -0.00160581, 0.00732016)
bind/44/name = &"Spine.002"
bind/44/bone = -1
bind/44/pose = Transform3D(1, 0, -9.00005e-15, 2.82247e-22, 1, 3.97293e-08, 9.00005e-15, 0, 1, 3.90248e-18, 0.00140058, -0.000433607)
bind/45/name = &"Spine.004"
bind/45/bone = -1
bind/45/pose = Transform3D(1, -4.14232e-16, -9.59561e-15, 3.03577e-22, 0.99907, -0.0431287, 9.60455e-15, 0.0431287, 0.99907, 6.57631e-18, -0.00580735, -0.000684708)
bind/46/name = &"Spine.005"
bind/46/bone = -1
bind/46/pose = Transform3D(1, -4.99668e-16, -9.70593e-15, 4.33681e-23, 0.998677, -0.0514126, 9.71878e-15, 0.0514126, 0.998677, 7.60989e-18, -0.0118501, -0.000783009)
bind/47/name = &"Spine.006"
bind/47/bone = -1
bind/47/pose = Transform3D(1, -2.3532e-15, -1.14391e-14, 1.73472e-22, 0.979489, -0.201496, 1.16787e-14, 0.201496, 0.979489, 3.91871e-17, -0.016796, -0.00335544)
bind/48/name = &"Spine.007"
bind/48/bone = -1
bind/48/pose = Transform3D(1, -2.89156e-15, -1.17784e-14, -8.67362e-22, 0.971163, -0.238417, 1.21281e-14, 0.238417, 0.971163, 5.08325e-17, -0.0220084, -0.00419129)
bind/49/name = &"Spine.008"
bind/49/bone = -1
bind/49/pose = Transform3D(1, -4.13211e-15, -1.23668e-14, 3.46945e-22, 0.948456, -0.316908, 1.30388e-14, 0.316908, 0.948456, 8.27165e-17, -0.0261069, -0.00634385)
bind/50/name = &"Spine.009"
bind/50/bone = -1
bind/50/pose = Transform3D(1, -5.81851e-15, -1.28103e-14, 0, 0.910483, -0.413546, 1.40698e-14, 0.413546, 0.910483, 1.33614e-16, -0.0299107, -0.00949651)
bind/51/name = &"Spine.010"
bind/51/bone = -1
bind/51/pose = Transform3D(1, -6.61686e-15, -1.29076e-14, 2.08167e-21, 0.889886, -0.456183, 1.45048e-14, 0.456183, 0.889886, 1.60774e-16, -0.0332755, -0.0110841)
bind/52/name = &"Spine.011"
bind/52/bone = -1
bind/52/pose = Transform3D(1, -6.61677e-15, -1.29077e-14, 0, 0.889889, -0.456178, 1.45048e-14, 0.456178, 0.889889, 1.6077e-16, -0.0360726, -0.0110839)
bind/53/name = &"Tail.R.001"
bind/53/bone = -1
bind/53/pose = Transform3D(0.465553, 0.883045, -0.0590934, -0.868335, 0.442853, -0.22333, -0.171041, 0.155285, 0.97295, -0.032064, -0.0172336, 0.00021638)
bind/54/name = &"Tail.R.002"
bind/54/bone = -1
bind/54/pose = Transform3D(0.465559, 0.883042, -0.059093, -0.868332, 0.442858, -0.223332, -0.171042, 0.155287, 0.97295, -0.0320639, -0.0205165, 0.000216306)
bind/55/name = &"Tail.R.003"
bind/55/bone = -1
bind/55/pose = Transform3D(0.465554, 0.883044, -0.0590943, -0.868334, 0.442853, -0.22333, -0.17104, 0.155286, 0.97295, -0.032064, -0.0237991, 0.000216354)
bind/56/name = &"Tail.R.004"
bind/56/bone = -1
bind/56/pose = Transform3D(0.465557, 0.883043, -0.0590933, -0.868333, 0.442856, -0.223331, -0.171041, 0.155286, 0.97295, -0.032064, -0.027082, 0.000216325)
bind/57/name = &"Tail.L.001"
bind/57/bone = -1
bind/57/pose = Transform3D(0.465553, -0.883045, 0.0590934, 0.868335, 0.442853, -0.22333, 0.171041, 0.155285, 0.97295, 0.032064, -0.0172336, 0.00021638)
bind/58/name = &"Tail.L.002"
bind/58/bone = -1
bind/58/pose = Transform3D(0.465559, -0.883042, 0.059093, 0.868332, 0.442858, -0.223332, 0.171042, 0.155287, 0.97295, 0.0320639, -0.0205165, 0.000216306)
bind/59/name = &"Tail.L.003"
bind/59/bone = -1
bind/59/pose = Transform3D(0.465554, -0.883044, 0.0590943, 0.868334, 0.442853, -0.22333, 0.17104, 0.155286, 0.97295, 0.032064, -0.0237991, 0.000216348)
bind/60/name = &"Tail.L.004"
bind/60/bone = -1
bind/60/pose = Transform3D(0.465557, -0.883043, 0.0590933, 0.868333, 0.442856, -0.223331, 0.171041, 0.155286, 0.97295, 0.0320639, -0.027082, 0.000216323)
bind/61/name = &"DorFin.002"
bind/61/bone = -1
bind/61/pose = Transform3D(1, 6.76865e-18, -5.38751e-19, 4.08482e-22, 0.0798419, 0.996808, 6.78995e-18, -0.996808, 0.0798418, -3.71829e-20, -0.00574712, 0.00547384)
bind/62/name = &"DorFin.003"
bind/62/bone = -1
bind/62/pose = Transform3D(1, 4.87344e-17, -1.63855e-17, -1.37016e-21, 0.318776, 0.94783, 5.1416e-17, -0.94783, 0.318776, -1.78003e-19, -0.00873832, 0.00346141)
bind/63/name = &"DorFin.004"
bind/63/bone = -1
bind/63/pose = Transform3D(1, 3.69084e-17, -2.15848e-17, -2.47063e-21, 0.504942, 0.863153, 4.2758e-17, -0.863153, 0.504942, -4.76946e-20, -0.0116508, 0.00111439)
bind/64/name = &"DorFin.005"
bind/64/bone = -1
bind/64/pose = Transform3D(1, 1.86519e-17, -1.69235e-17, -3.48164e-21, 0.672143, 0.740421, 2.51873e-17, -0.740421, 0.672143, 4.80195e-20, -0.0144561, -0.00190887)
bind/65/name = &"DorFin.006"
bind/65/bone = -1
bind/65/pose = Transform3D(1, 1.8652e-17, -1.69237e-17, -3.48029e-21, 0.672146, 0.740418, 2.51875e-17, -0.740419, 0.672146, 4.80214e-20, -0.0167237, -0.00190893)
bind/66/name = &"Head.001"
bind/66/bone = -1
bind/66/pose = Transform3D(1, -5.59502e-21, 6.16322e-20, 2.70542e-21, -0.991352, -0.131226, 5.91665e-20, 0.131226, -0.991352, -6.38116e-23, -0.00801384, 0.00108736)
bind/67/name = &"Spine.003"
bind/67/bone = -1
bind/67/pose = Transform3D(1, -1.61219e-23, -8.20405e-22, -1.68265e-21, 0.999807, -0.0196474, -5.97762e-22, 0.0196473, 0.999807, 4.10882e-25, -0.00341156, -0.000500732)
bind/68/name = &"DorFin.001"
bind/68/bone = -1
bind/68/pose = Transform3D(1, 6.76876e-18, -5.40145e-19, -3.52577e-21, 0.0798415, 0.996807, 6.79187e-18, -0.996807, 0.0798415, -3.71747e-20, -0.000899218, 0.00547384)

[sub_resource type="AnimationLibrary" id="AnimationLibrary_lf8jf"]
_data = {
&"dolphin|_static_pose": ExtResource("2_j0omf"),
&"dolphin|attack_bite_A": ExtResource("3_s65fv"),
&"dolphin|attack_tail_A": ExtResource("4_s1ymi"),
&"dolphin|breathe_A1": ExtResource("5_5sxgu"),
&"dolphin|idle_A1": ExtResource("6_g587j"),
&"dolphin|idle_A2": ExtResource("7_vg6g5"),
&"dolphin|leap_A1": ExtResource("8_wau8h"),
&"dolphin|leap_A2": ExtResource("9_d22ug"),
&"dolphin|speedup_A1": ExtResource("10_f4sn5"),
&"dolphin|speedup_A2": ExtResource("11_w2t1e"),
&"dolphin|swim_A1": ExtResource("12_xe5iw"),
&"dolphin|swim_A2": ExtResource("13_31hq4"),
&"dolphin|swim_end_A": ExtResource("14_doorj"),
&"dolphin|swim_start_A": ExtResource("15_i8u1h"),
&"dolphin|turn_L_end_A": ExtResource("16_e8kxm"),
&"dolphin|turn_L_start_A": ExtResource("17_x2oxy"),
&"dolphin|turn_L_swim_A1": ExtResource("18_0im80"),
&"dolphin|turn_R_end_A": ExtResource("19_lpyh8"),
&"dolphin|turn_R_start_A": ExtResource("20_rsmj7"),
&"dolphin|turn_R_swim_A1": ExtResource("21_7dj7y"),
&"dolphin|twist_A1": ExtResource("22_vljc7"),
&"dolphin|twist_A2": ExtResource("23_gat5a")
}

[node name="Orca" type="Node3D"]
script = ExtResource("1_j4rgb")

[node name="killer_whale_AF" type="Node3D" parent="."]
transform = Transform3D(-1, 0, -8.74228e-08, 0, 1, 0, 8.74228e-08, 0, -1, 0, 0, 0)

[node name="dolphin" type="Node3D" parent="killer_whale_AF"]
transform = Transform3D(100, 0, 0, 0, -1.19209e-05, 100, 0, -100, -1.19209e-05, 0, 0, 0)

[node name="Skeleton3D" type="Skeleton3D" parent="killer_whale_AF/dolphin"]
bones/0/name = "Root"
bones/0/parent = -1
bones/0/rest = Transform3D(-1, 8.74228e-08, 0, -8.74228e-08, -1, 0, 0, 0, 1, 0, 0, 0)
bones/0/enabled = true
bones/0/position = Vector3(0, 0, 0)
bones/0/rotation = Quaternion(0, 0, 1, -4.37114e-08)
bones/0/scale = Vector3(1, 1, 1)
bones/1/name = "Center"
bones/1/parent = 0
bones/1/rest = Transform3D(-1, 0, 1.50996e-07, 1.50996e-07, 0, 1, 0, 1, 0, 0, 0.00140058, -0.000637808)
bones/1/enabled = true
bones/1/position = Vector3(0, 0.00140058, -0.000637808)
bones/1/rotation = Quaternion(9.4157e-08, 0.707107, 0.707107, 9.4157e-08)
bones/1/scale = Vector3(1, 1, 1)
bones/2/name = "Center.001"
bones/2/parent = 1
bones/2/rest = Transform3D(1, -8.40015e-14, 1.50996e-07, 6.77626e-21, 1, 5.56317e-07, -1.50996e-07, -5.56317e-07, 1, 2.58494e-26, 0.000535707, 2.1684e-19)
bones/2/enabled = true
bones/2/position = Vector3(0, 0.000535707, 0)
bones/2/rotation = Quaternion(-2.78159e-07, 7.54979e-08, 2.10004e-14, 1)
bones/2/scale = Vector3(1, 1, 1)
bones/3/name = "Chest.001"
bones/3/parent = 2
bones/3/rest = Transform3D(1, 1.41846e-14, -8.98323e-15, -8.10423e-15, -0.0607971, -0.99815, -1.47045e-14, 0.99815, -0.0607971, 4.23516e-24, 0.000535707, 2.98023e-10)
bones/3/enabled = true
bones/3/position = Vector3(3.42799e-24, 0.000535707, 2.41223e-10)
bones/3/rotation = Quaternion(0.728285, 2.08721e-15, -8.13134e-15, 0.685275)
bones/3/scale = Vector3(1, 1, 1)
bones/4/name = "Head.002"
bones/4/parent = 3
bones/4/rest = Transform3D(1, 1.0628e-15, 1.92821e-15, -8.01257e-16, 0.991396, -0.130899, -2.05074e-15, 0.130899, 0.991396, -4.42554e-24, 0.0100487, -5.37347e-10)
bones/4/enabled = true
bones/4/position = Vector3(-4.59967e-24, 0.0100487, -6.51926e-10)
bones/4/rotation = Quaternion(0.065591, 9.96882e-16, -4.67021e-16, 0.997847)
bones/4/scale = Vector3(1, 1, 1)
bones/5/name = "Nose.001"
bones/5/parent = 4
bones/5/rest = Transform3D(1, 7.51395e-16, 1.9233e-15, -5.09621e-16, 0.992437, -0.122753, -2.00099e-15, 0.122753, 0.992437, -1.69179e-25, 0.0078343, 2.37587e-11)
bones/5/enabled = true
bones/5/position = Vector3(1.36527e-24, 0.0078343, 1.49012e-10)
bones/5/rotation = Quaternion(0.061493, 9.82935e-16, -3.15852e-16, 0.998108)
bones/5/scale = Vector3(1, 1, 1)
bones/6/name = "Nose.002"
bones/6/parent = 5
bones/6/rest = Transform3D(1, -6.81004e-16, -1.53777e-15, 9.24026e-16, 0.986455, 0.164034, 1.40523e-15, -0.164034, 0.986455, 3.00503e-24, 0.00177394, -4.80344e-10)
bones/6/enabled = true
bones/6/position = Vector3(3.57676e-24, 0.00177394, -2.98023e-10)
bones/6/rotation = Quaternion(-0.0822964, -7.38255e-16, 4.02623e-16, 0.996608)
bones/6/scale = Vector3(1, 1, 1)
bones/7/name = "Nose.002_end"
bones/7/parent = 6
bones/7/rest = Transform3D(1, 0, 0, 0, 1, 0, 0, 0, 1, 0, 0.000798057, 0)
bones/7/enabled = true
bones/7/position = Vector3(0, 0.000798057, 0)
bones/7/rotation = Quaternion(0, 0, 0, 1)
bones/7/scale = Vector3(1, 1, 1)
bones/8/name = "Eye.R"
bones/8/parent = 4
bones/8/rest = Transform3D(-0.417045, -0.908194, 0.035469, -0.904459, 0.41085, -0.114697, 0.0895945, -0.079914, -0.992767, -0.00258419, 0.00594119, 0.000907136)
bones/8/enabled = true
bones/8/position = Vector3(-0.00258419, 0.00594118, 0.000907136)
bones/8/rotation = Quaternion(-0.539646, 0.839741, -0.0579378, -0.0161138)
bones/8/scale = Vector3(1, 1, 1)
bones/9/name = "Eye.R_end"
bones/9/parent = 8
bones/9/rest = Transform3D(1, 0, 0, 0, 1, 0, 0, 0, 1, 0, 0.000355537, 0)
bones/9/enabled = true
bones/9/position = Vector3(0, 0.000355537, 0)
bones/9/rotation = Quaternion(0, 0, 0, 1)
bones/9/scale = Vector3(1, 1, 1)
bones/10/name = "Eye.L"
bones/10/parent = 4
bones/10/rest = Transform3D(-0.417045, 0.908194, -0.035469, 0.904459, 0.41085, -0.114697, -0.0895945, -0.079914, -0.992767, 0.00258419, 0.00594119, 0.000907136)
bones/10/enabled = true
bones/10/position = Vector3(0.00258419, 0.00594118, 0.000907136)
bones/10/rotation = Quaternion(0.539646, 0.839741, -0.0579378, 0.0161138)
bones/10/scale = Vector3(1, 1, 1)
bones/11/name = "Eye.L_end"
bones/11/parent = 10
bones/11/rest = Transform3D(1, 0, 0, 0, 1, 0, 0, 0, 1, 0, 0.000355537, 0)
bones/11/enabled = true
bones/11/position = Vector3(0, 0.000355537, 0)
bones/11/rotation = Quaternion(0, 0, 0, 1)
bones/11/scale = Vector3(1, 1, 1)
bones/12/name = "LowerEyelid.L"
bones/12/parent = 4
bones/12/rest = Transform3D(0.100344, 0.67792, -0.728255, -0.782999, 0.50541, 0.362591, 0.613875, 0.533839, 0.581526, 0.00258419, 0.00594119, 0.000907136)
bones/12/enabled = true
bones/12/position = Vector3(0.00258419, 0.00594118, 0.000907136)
bones/12/rotation = Quaternion(0.0578954, -0.453746, -0.493906, 0.739473)
bones/12/scale = Vector3(1, 1, 1)
bones/13/name = "LowerEyelid.L_end"
bones/13/parent = 12
bones/13/rest = Transform3D(1, 0, 0, 0, 1, 0, 0, 0, 1, 0, 0.000577799, 0)
bones/13/enabled = true
bones/13/position = Vector3(0, 0.000577799, 0)
bones/13/rotation = Quaternion(0, 0, 0, 1)
bones/13/scale = Vector3(1, 1, 1)
bones/14/name = "LowerEyelid.R"
bones/14/parent = 4
bones/14/rest = Transform3D(0.100349, -0.677927, 0.728248, 0.782996, 0.505412, 0.362597, -0.61388, 0.533829, 0.581532, -0.00258419, 0.00594119, 0.000907136)
bones/14/enabled = true
bones/14/position = Vector3(-0.00258419, 0.00594118, 0.000907136)
bones/14/rotation = Quaternion(0.0578898, 0.453743, 0.493906, 0.739475)
bones/14/scale = Vector3(1, 1, 1)
bones/15/name = "LowerEyelid.R_end"
bones/15/parent = 14
bones/15/rest = Transform3D(1, 0, 0, 0, 1, 0, 0, 0, 1, 0, 0.000577793, 0)
bones/15/enabled = true
bones/15/position = Vector3(0, 0.000577793, 0)
bones/15/rotation = Quaternion(0, 0, 0, 1)
bones/15/scale = Vector3(1, 1, 1)
bones/16/name = "UpperEyelid.L"
bones/16/parent = 4
bones/16/rest = Transform3D(-0.160193, 0.55174, -0.818487, 0.962647, 0.270693, -0.00593412, 0.218284, -0.788865, -0.574494, 0.00258419, 0.00594119, 0.000907136)
bones/16/enabled = true
bones/16/position = Vector3(0.00258419, 0.00594119, 0.000907136)
bones/16/rotation = Quaternion(0.534698, 0.708057, -0.280627, -0.366062)
bones/16/scale = Vector3(1, 1, 1)
bones/17/name = "UpperEyelid.L_end"
bones/17/parent = 16
bones/17/rest = Transform3D(1, 0, 0, 0, 1, 0, 0, 0, 1, 0, 0.000562397, 0)
bones/17/enabled = true
bones/17/position = Vector3(0, 0.000562397, 0)
bones/17/rotation = Quaternion(0, 0, 0, 1)
bones/17/scale = Vector3(1, 1, 1)
bones/18/name = "UpperEyelid.R"
bones/18/parent = 4
bones/18/rest = Transform3D(-0.160193, -0.55174, 0.818487, -0.962647, 0.270692, -0.00593471, -0.218284, -0.788865, -0.574495, -0.00258419, 0.00594119, 0.000907136)
bones/18/enabled = true
bones/18/position = Vector3(-0.00258419, 0.00594119, 0.000907136)
bones/18/rotation = Quaternion(-0.534698, 0.708057, -0.280627, 0.366062)
bones/18/scale = Vector3(1, 1, 1)
bones/19/name = "UpperEyelid.R_end"
bones/19/parent = 18
bones/19/rest = Transform3D(1, 0, 0, 0, 1, 0, 0, 0, 1, 0, 0.000562398, 0)
bones/19/enabled = true
bones/19/position = Vector3(0, 0.000562398, 0)
bones/19/rotation = Quaternion(0, 0, 0, 1)
bones/19/scale = Vector3(1, 1, 1)
bones/20/name = "Jaw.001"
bones/20/parent = 4
bones/20/rest = Transform3D(1, 1.52729e-15, -1.53018e-15, -1.86078e-15, 0.968373, -0.249509, 1.10071e-15, 0.249509, 0.968372, 7.95195e-18, 0.0032574, 0.00129909)
bones/20/enabled = true
bones/20/position = Vector3(7.95194e-18, 0.0032574, 0.00129908)
bones/20/rotation = Quaternion(0.125753, -6.62985e-16, -8.53797e-16, 0.992062)
bones/20/scale = Vector3(1, 1, 1)
bones/21/name = "Jaw.002"
bones/21/parent = 20
bones/21/rest = Transform3D(1, 1.86932e-16, 2.93038e-15, -1.13422e-16, 0.999686, -0.0250654, -2.93415e-15, 0.0250654, 0.999686, -5.42965e-24, 0.00672103, -1.55962e-09)
bones/21/enabled = true
bones/21/position = Vector3(5.49345e-24, 0.00672103, 5.96046e-10)
bones/21/rotation = Quaternion(0.0125337, 1.46625e-15, -7.50947e-17, 0.999921)
bones/21/scale = Vector3(1, 1, 1)
bones/22/name = "Jaw.002_end"
bones/22/parent = 21
bones/22/rest = Transform3D(1, 0, 0, 0, 1, 0, 0, 0, 1, 0, 0.00115261, 0)
bones/22/enabled = true
bones/22/position = Vector3(0, 0.00115261, 0)
bones/22/rotation = Quaternion(0, 0, 0, 1)
bones/22/scale = Vector3(1, 1, 1)
bones/23/name = "Face.L.002"
bones/23/parent = 20
bones/23/rest = Transform3D(0.852894, 0.139897, -0.502991, 0.344783, 0.572529, 0.743865, 0.392041, -0.807861, 0.440072, 0.00204375, 0.000289359, 0.00207168)
bones/23/enabled = true
bones/23/position = Vector3(0.00204375, 0.000289358, 0.00207168)
bones/23/rotation = Quaternion(-0.458338, -0.264368, 0.0605177, 0.846389)
bones/23/scale = Vector3(1, 1, 1)
bones/24/name = "Face.L.002_end"
bones/24/parent = 23
bones/24/rest = Transform3D(1, 0, 0, 0, 1, 0, 0, 0, 1, 0, 0.00384479, 0)
bones/24/enabled = true
bones/24/position = Vector3(0, 0.00384479, 0)
bones/24/rotation = Quaternion(0, 0, 0, 1)
bones/24/scale = Vector3(1, 1, 1)
bones/25/name = "Face.R.002"
bones/25/parent = 20
bones/25/rest = Transform3D(0.852895, -0.139896, 0.50299, -0.344782, 0.572529, 0.743866, -0.39204, -0.807861, 0.440073, -0.00204375, 0.000289359, 0.00207168)
bones/25/enabled = true
bones/25/position = Vector3(-0.00204375, 0.000289358, 0.00207168)
bones/25/rotation = Quaternion(-0.458338, 0.264368, -0.0605177, 0.846389)
bones/25/scale = Vector3(1, 1, 1)
bones/26/name = "Face.R.002_end"
bones/26/parent = 25
bones/26/rest = Transform3D(1, 0, 0, 0, 1, 0, 0, 0, 1, 0, 0.00384479, 0)
bones/26/enabled = true
bones/26/position = Vector3(0, 0.00384479, 0)
bones/26/rotation = Quaternion(0, 0, 0, 1)
bones/26/scale = Vector3(1, 1, 1)
bones/27/name = "Tongue.002"
bones/27/parent = 20
bones/27/rest = Transform3D(1, -3.775e-16, 7.57124e-15, -6.22692e-18, 0.998718, 0.0506183, -7.58064e-15, -0.0506183, 0.998718, -2.72504e-18, 0.00567667, -0.000365398)
bones/27/enabled = true
bones/27/position = Vector3(-2.72504e-18, 0.00567667, -0.000365397)
bones/27/rotation = Quaternion(-0.0253173, 3.78918e-15, 9.28481e-17, 0.999679)
bones/27/scale = Vector3(1, 1, 1)
bones/28/name = "Tongue.002_end"
bones/28/parent = 27
bones/28/rest = Transform3D(1, 0, 0, 0, 1, 0, 0, 0, 1, 0, 0.00102196, 0)
bones/28/enabled = true
bones/28/position = Vector3(0, 0.00102196, 0)
bones/28/rotation = Quaternion(0, 0, 0, 1)
bones/28/scale = Vector3(1, 1, 1)
bones/29/name = "Tongue.001"
bones/29/parent = 20
bones/29/rest = Transform3D(1, -3.582e-15, -6.54527e-15, 6.28551e-15, 0.877102, 0.480305, 4.02041e-15, -0.480305, 0.877102, 5.06485e-18, 0.00376921, 0.000679137)
bones/29/enabled = true
bones/29/position = Vector3(5.06485e-18, 0.00376921, 0.000679137)
bones/29/rotation = Quaternion(-0.24789, -2.72652e-15, 2.54635e-15, 0.968788)
bones/29/scale = Vector3(1, 0.999999, 1)
bones/30/name = "Tongue.001_end"
bones/30/parent = 29
bones/30/rest = Transform3D(1, 0, 0, 0, 1, 0, 0, 0, 1, 0, 0.00217473, 0)
bones/30/enabled = true
bones/30/position = Vector3(0, 0.00217473, 0)
bones/30/rotation = Quaternion(0, 0, 0, 1)
bones/30/scale = Vector3(1, 1, 1)
bones/31/name = "Neck.002"
bones/31/parent = 4
bones/31/rest = Transform3D(1, 3.55297e-15, 4.98451e-15, -8.47033e-22, 0.814304, -0.580439, -6.12119e-15, 0.580439, 0.814304, 8.55231e-18, 0.000514495, 0.00139716)
bones/31/enabled = true
bones/31/position = Vector3(8.55231e-18, 0.000514495, 0.00139716)
bones/31/rotation = Quaternion(0.30471, 2.91505e-15, -9.32592e-16, 0.952445)
bones/31/scale = Vector3(1, 1, 1)
bones/32/name = "Face.L.001"
bones/32/parent = 31
bones/32/rest = Transform3D(0.0975627, 0.948104, -0.302619, 0.993844, -0.0767749, 0.0798741, 0.0524954, -0.308549, -0.949759, -2.98023e-10, 0.00335575, 0.00082296)
bones/32/enabled = true
bones/32/position = Vector3(-2.98023e-10, 0.00335575, 0.00082296)
bones/32/rotation = Quaternion(0.728714, 0.666225, -0.0858101, -0.133256)
bones/32/scale = Vector3(1, 1, 1)
bones/33/name = "Face.L.001_end"
bones/33/parent = 32
bones/33/rest = Transform3D(1, 0, 0, 0, 1, 0, 0, 0, 1, 0, 0.00215562, 0)
bones/33/enabled = true
bones/33/position = Vector3(0, 0.00215562, 0)
bones/33/rotation = Quaternion(0, 0, 0, 1)
bones/33/scale = Vector3(1, 1, 1)
bones/34/name = "Face.R.001"
bones/34/parent = 31
bones/34/rest = Transform3D(0.0975625, -0.948105, 0.302619, -0.993844, -0.0767747, 0.0798742, -0.0524956, -0.308549, -0.949759, 2.98023e-10, 0.00335575, 0.00082296)
bones/34/enabled = true
bones/34/position = Vector3(2.98023e-10, 0.00335575, 0.00082296)
bones/34/rotation = Quaternion(0.728714, -0.666225, 0.0858099, -0.133256)
bones/34/scale = Vector3(1, 1, 1)
bones/35/name = "Face.R.001_end"
bones/35/parent = 34
bones/35/rest = Transform3D(1, 0, 0, 0, 1, 0, 0, 0, 1, 0, 0.00215562, 0)
bones/35/enabled = true
bones/35/position = Vector3(0, 0.00215562, 0)
bones/35/rotation = Quaternion(0, 0, 0, 1)
bones/35/scale = Vector3(1, 1, 1)
bones/36/name = "Neck.001"
bones/36/parent = 4
bones/36/rest = Transform3D(1, 5.10522e-15, 3.37723e-15, -4.23516e-22, 0.551729, -0.834024, -6.12119e-15, 0.834024, 0.551729, 9.15267e-18, -0.00222841, 0.00149524)
bones/36/enabled = true
bones/36/position = Vector3(9.15267e-18, -0.00222841, 0.00149524)
bones/36/rotation = Quaternion(0.47343, 2.69587e-15, -1.44898e-15, 0.880832)
bones/36/scale = Vector3(1, 1, 1)
bones/37/name = "Neck.001_end"
bones/37/parent = 36
bones/37/rest = Transform3D(1, 0, 0, 0, 1, 0, 0, 0, 1, 0, 0.00496368, 0)
bones/37/enabled = true
bones/37/position = Vector3(0, 0.00496368, 0)
bones/37/rotation = Quaternion(0, 0, 0, 1)
bones/37/scale = Vector3(1, 1, 1)
bones/38/name = "Stomata.001"
bones/38/parent = 4
bones/38/rest = Transform3D(1, -6.09389e-15, -1.55285e-14, 1.60342e-14, 0.0943453, 0.99554, -4.60166e-15, -0.99554, 0.0943453, -8.23098e-18, 0.00508733, -0.00134467)
bones/38/enabled = true
bones/38/position = Vector3(-8.23098e-18, 0.00508733, -0.00134467)
bones/38/rotation = Quaternion(-0.672924, -3.69294e-15, 7.47861e-15, 0.739711)
bones/38/scale = Vector3(1, 1, 1)
bones/39/name = "Stomata.001_end"
bones/39/parent = 38
bones/39/rest = Transform3D(1, 0, 0, 0, 1, 0, 0, 0, 1, 0, 0.00124422, 0)
bones/39/enabled = true
bones/39/position = Vector3(0, 0.00124422, 0)
bones/39/rotation = Quaternion(0, 0, 0, 1)
bones/39/scale = Vector3(1, 1, 1)
bones/40/name = "Forehead.001"
bones/40/parent = 4
bones/40/rest = Transform3D(1, -1.06261e-15, -2.7199e-15, 1.51865e-15, 0.984817, 0.173596, 2.49414e-15, -0.173596, 0.984817, -2.62425e-18, 0.00568362, -0.000428716)
bones/40/enabled = true
bones/40/position = Vector3(-2.62425e-18, 0.00568362, -0.000428716)
bones/40/rotation = Quaternion(-0.0871294, -1.30849e-15, 6.47779e-16, 0.996197)
bones/40/scale = Vector3(1, 1, 1)
bones/41/name = "Forehead.002"
bones/41/parent = 40
bones/41/rest = Transform3D(1, -6.42256e-20, 1.09654e-20, 6.42255e-20, 1, 7.38298e-06, -1.09659e-20, -7.38298e-06, 1, 2.1423e-24, 0.00353516, 1.09281e-10)
bones/41/enabled = true
bones/41/position = Vector3(8.85083e-25, 0.00353516, 0)
bones/41/rotation = Quaternion(-3.69176e-06, 5.29649e-21, 3.20926e-20, 1)
bones/41/scale = Vector3(1, 1, 1)
bones/42/name = "Forehead.002_end"
bones/42/parent = 41
bones/42/rest = Transform3D(1, 0, 0, 0, 1, 0, 0, 0, 1, 0, 0.000754953, 0)
bones/42/enabled = true
bones/42/position = Vector3(0, 0.000754953, 0)
bones/42/rotation = Quaternion(0, 0, 0, 1)
bones/42/scale = Vector3(1, 1, 1)
bones/43/name = "Neck.003"
bones/43/parent = 4
bones/43/rest = Transform3D(1, 4.58705e-16, 6.10396e-15, -5.82335e-22, 0.997188, -0.0749374, -6.12117e-15, 0.0749374, 0.997188, 1.52362e-17, 0.00328598, 0.00248909)
bones/43/enabled = true
bones/43/position = Vector3(1.52362e-17, 0.00328597, 0.00248909)
bones/43/rotation = Quaternion(0.0374951, 3.05844e-15, -1.14758e-16, 0.999297)
bones/43/scale = Vector3(1, 1, 1)
bones/44/name = "Neck.003_end"
bones/44/parent = 43
bones/44/rest = Transform3D(1, 0, 0, 0, 1, 0, 0, 0, 1, 0, 0.00636785, 0)
bones/44/enabled = true
bones/44/position = Vector3(0, 0.00636785, 0)
bones/44/rotation = Quaternion(0, 0, 0, 1)
bones/44/scale = Vector3(1, 1, 1)
bones/45/name = "Jaw.003"
bones/45/parent = 4
bones/45/rest = Transform3D(1, 7.69757e-16, 6.07261e-15, 2.03817e-21, 0.992062, -0.125753, -6.1212e-15, 0.125753, 0.992062, 3.97597e-18, 0.00358728, 0.000649543)
bones/45/enabled = true
bones/45/position = Vector3(3.97597e-18, 0.00358728, 0.000649542)
bones/45/rotation = Quaternion(0.0630016, 3.05451e-15, -1.92822e-16, 0.998013)
bones/45/scale = Vector3(1, 1, 1)
bones/46/name = "Jaw.003_end"
bones/46/parent = 45
bones/46/rest = Transform3D(1, 0, 0, 0, 1, 0, 0, 0, 1, 0, 0.00456109, 0)
bones/46/enabled = true
bones/46/position = Vector3(0, 0.00456109, 0)
bones/46/rotation = Quaternion(0, 0, 0, 1)
bones/46/scale = Vector3(1, 1, 1)
bones/47/name = "Fin.R.001"
bones/47/parent = 3
bones/47/rest = Transform3D(0.432218, -0.899302, 0.0666604, 0.128165, -0.0119097, -0.991681, 0.892615, 0.437166, 0.110112, -0.00208963, 0.00607247, 0.00234605)
bones/47/enabled = true
bones/47/position = Vector3(-0.00208963, 0.00607247, 0.00234605)
bones/47/rotation = Quaternion(0.577498, -0.333826, 0.415272, 0.618551)
bones/47/scale = Vector3(1, 1, 1)
bones/48/name = "Fin.R.002"
bones/48/parent = 47
bones/48/rest = Transform3D(0.868813, 0.484166, -0.103666, -0.491876, 0.819961, -0.292783, -0.0567529, 0.305364, 0.950543, -1.15999e-10, 0.00328408, 1.23964e-10)
bones/48/enabled = true
bones/48/position = Vector3(-1.11759e-10, 0.00328408, 3.91155e-10)
bones/48/rotation = Quaternion(0.156772, -0.0122958, -0.255816, 0.95385)
bones/48/scale = Vector3(1, 1, 1)
bones/49/name = "Fin.R.003"
bones/49/parent = 48
bones/49/rest = Transform3D(0.999126, 0.0416121, 0.00380228, -0.0401825, 0.981774, -0.185753, -0.0114626, 0.185438, 0.982589, 4.82105e-10, 0.00443969, -4.34136e-10)
bones/49/enabled = true
bones/49/position = Vector3(5.21541e-10, 0.00443969, 0)
bones/49/rotation = Quaternion(0.0932244, 0.00383373, -0.0205427, 0.995426)
bones/49/scale = Vector3(1, 1, 1)
bones/50/name = "Fin.R.004"
bones/50/parent = 49
bones/50/rest = Transform3D(0.999864, -0.0161561, 0.00335081, 0.0164159, 0.953575, -0.300709, 0.00166303, 0.300723, 0.95371, -5.80001e-10, 0.00403265, -4.16904e-10)
bones/50/enabled = true
bones/50/position = Vector3(1.41561e-09, 0.00403264, 0)
bones/50/rotation = Quaternion(0.152134, 0.000426935, 0.00823918, 0.988325)
bones/50/scale = Vector3(1, 1, 1)
bones/51/name = "Fin.R.005"
bones/51/parent = 50
bones/51/rest = Transform3D(1, 2.20561e-06, -4.88099e-07, -2.20562e-06, 1, -3.27567e-07, 4.88098e-07, 3.27568e-07, 1, 1.66203e-09, 0.0028186, 4.99204e-10)
bones/51/enabled = true
bones/51/position = Vector3(4.28408e-10, 0.0028186, 5.96046e-10)
bones/51/rotation = Quaternion(1.19209e-07, -2.64496e-07, -1.11572e-06, 1)
bones/51/scale = Vector3(1, 1, 1)
bones/52/name = "Fin.R.005_end"
bones/52/parent = 51
bones/52/rest = Transform3D(1, 0, 0, 0, 1, 0, 0, 0, 1, 0, 0.000989214, 0)
bones/52/enabled = true
bones/52/position = Vector3(0, 0.000989214, 0)
bones/52/rotation = Quaternion(0, 0, 0, 1)
bones/52/scale = Vector3(1, 1, 1)
bones/53/name = "Fin.R.007"
bones/53/parent = 47
bones/53/rest = Transform3D(0.999921, 3.04822e-06, -0.012585, -3.01264e-06, 1, 2.84663e-06, 0.0125849, -2.80849e-06, 0.999921, -4.00161e-09, 0.00164204, 4.85945e-09)
bones/53/enabled = true
bones/53/position = Vector3(-5.36442e-09, 0.00164204, 6.51926e-09)
bones/53/rotation = Quaternion(-1.81285e-06, -0.00629256, -1.79586e-06, 0.99998)
bones/53/scale = Vector3(1, 1, 1)
bones/54/name = "Fin.R.007_end"
bones/54/parent = 53
bones/54/rest = Transform3D(1, 0, 0, 0, 1, 0, 0, 0, 1, 0, 0.00164204, 0)
bones/54/enabled = true
bones/54/position = Vector3(0, 0.00164204, 0)
bones/54/rotation = Quaternion(0, 0, 0, 1)
bones/54/scale = Vector3(1, 1, 1)
bones/55/name = "Fin.L.001"
bones/55/parent = 3
bones/55/rest = Transform3D(0.432216, 0.899303, -0.0666599, -0.128165, -0.0119097, -0.991681, -0.892616, 0.437164, 0.110112, 0.00208963, 0.00607246, 0.00234604)
bones/55/enabled = true
bones/55/position = Vector3(0.00208963, 0.00607246, 0.00234604)
bones/55/rotation = Quaternion(0.577498, 0.333827, -0.415273, 0.61855)
bones/55/scale = Vector3(1, 1, 1)
bones/56/name = "Fin.L.002"
bones/56/parent = 55
bones/56/rest = Transform3D(0.868812, -0.484169, 0.103666, 0.491879, 0.819959, -0.292782, 0.0567536, 0.305364, 0.950543, -3.77207e-11, 0.00328407, 4.09416e-10)
bones/56/enabled = true
bones/56/position = Vector3(7.45058e-11, 0.00328407, 7.07805e-10)
bones/56/rotation = Quaternion(0.156772, 0.0122957, 0.255818, 0.953849)
