[gd_scene load_steps=73 format=3 uid="uid://lh0kpj72gqfp"]

[ext_resource type="ArrayMesh" uid="uid://bed48xr3tiie8" path="res://scenes/3d/animals/dolphins/common/mesh/common_dolphin_bottlenose dolphin_002.res" id="1_4h7pd"]
[ext_resource type="Script" path="res://scenes/3d/animals/dolphins/common/common_dolphin.gd" id="1_cd8p8"]
[ext_resource type="Animation" uid="uid://mhs6rj083w7p" path="res://scenes/3d/animals/dolphins/common/animations/Long-billed_Dolphin_Long-billed_Dolphin_Attack.res" id="2_hstj1"]
[ext_resource type="Material" uid="uid://dd6egxhyy766y" path="res://scenes/3d/animals/dolphins/common/materials/common_dolphin_low_mat.tres" id="3_b4mgh"]
[ext_resource type="Animation" uid="uid://bskiprejkuysa" path="res://scenes/3d/animals/dolphins/common/animations/Long-billed_Dolphin_Long-billed_Dolphin_Attack_2.res" id="3_rfvh3"]
[ext_resource type="Script" path="res://utilities/CustomMeshInstance3D.gd" id="4_h47no"]
[ext_resource type="Animation" uid="uid://brbky56e7yg8l" path="res://scenes/3d/animals/dolphins/common/animations/Long-billed_Dolphin_Long-billed_Dolphin_Death.res" id="4_u7k30"]
[ext_resource type="Animation" uid="uid://dvjpjo12bndq3" path="res://scenes/3d/animals/dolphins/common/animations/Long-billed_Dolphin_Long-billed_Dolphin_Eat.res" id="5_6g23k"]
[ext_resource type="Material" uid="uid://uaf1ps1d6e64" path="res://scenes/3d/animals/dolphins/common/materials/common_dolphin_hq_mat.tres" id="5_6jgn7"]
[ext_resource type="Animation" uid="uid://cibfsjm54r3ji" path="res://scenes/3d/animals/dolphins/common/animations/Long-billed_Dolphin_Long-billed_Dolphin_Idle_1.res" id="6_krjee"]
[ext_resource type="Material" uid="uid://bsi4hp2wc7giv" path="res://scenes/3d/animals/fish/v2/materials/fish_school_material.tres" id="6_s34vq"]
[ext_resource type="ArrayMesh" uid="uid://d0ucwlji1vudm" path="res://scenes/3d/animals/fish/v2/mesh/sardine_SardineMesh.res" id="7_1iyih"]
[ext_resource type="Animation" uid="uid://dlkpohvyo2m2p" path="res://scenes/3d/animals/dolphins/common/animations/Long-billed_Dolphin_Long-billed_Dolphin_Idle_2.res" id="7_3w5mi"]
[ext_resource type="Animation" uid="uid://c76r8pi7jmqm3" path="res://scenes/3d/animals/dolphins/common/animations/Long-billed_Dolphin_Long-billed_Dolphin_Swim_F_Attack_RM.res" id="8_iimob"]
[ext_resource type="Animation" uid="uid://dhr8g5xfgr7y0" path="res://scenes/3d/animals/dolphins/common/animations/Long-billed_Dolphin_Long-billed_Dolphin_Swim_Fast_F_IP.res" id="9_hwccq"]
[ext_resource type="Animation" uid="uid://dk47oatcdaqoj" path="res://scenes/3d/animals/dolphins/common/animations/Long-billed_Dolphin_Long-billed_Dolphin_Swim_Fast_F_RM.res" id="10_tt0ou"]
[ext_resource type="Animation" uid="uid://eh54jkvj0lfl" path="res://scenes/3d/animals/dolphins/common/animations/Long-billed_Dolphin_Long-billed_Dolphin_Swim_Fast_FU_RM.res" id="11_or7og"]
[ext_resource type="Animation" uid="uid://bh65hp8u547cm" path="res://scenes/3d/animals/dolphins/common/animations/Long-billed_Dolphin_Long-billed_Dolphin_Swim_F_IP.res" id="12_qm8tj"]

[sub_resource type="Skin" id="Skin_3eg57"]
resource_name = "Skin"
bind_count = 28
bind/0/name = &"Root"
bind/0/bone = -1
bind/0/pose = Transform3D(1, 0, 0, 0, 1, -2.8213e-07, 0, 1.62921e-07, 1, 0, 0, 0)
bind/1/name = &"Base"
bind/1/bone = -1
bind/1/pose = Transform3D(1, -3.88433e-14, -2.38419e-07, -6.77626e-21, 1, -2.8213e-07, 2.38419e-07, 1.62921e-07, 1, 0, -0.632305, 0)
bind/2/name = &"spine_2"
bind/2/bone = -1
bind/2/pose = Transform3D(1, -7.52687e-14, 8.1885e-16, -1.35917e-14, 0.0108782, 0.999941, -5.69947e-14, -0.999941, 0.0108784, 1.11194e-14, -0.158037, 0.14772)
bind/3/name = &"spine_1"
bind/3/bone = -1
bind/3/pose = Transform3D(1, 2.16461e-15, 5.25073e-17, -1.32686e-14, -0.00852024, 0.999964, 2.07037e-14, -0.999964, -0.00852005, -3.45846e-16, -0.341453, 0.154373)
bind/4/name = &"Spine"
bind/4/bone = -1
bind/4/pose = Transform3D(1, 2.59759e-06, -3.61579e-07, -2.84217e-14, 0.137869, 0.99045, 2.62263e-06, -0.990451, 0.137869, -1.93553e-07, -0.556149, 0.073801)
bind/5/name = &"Head"
bind/5/bone = -1
bind/5/pose = Transform3D(1, -0.000223089, -1.88057e-05, 3.63798e-12, -0.0839988, 0.996466, -0.000223881, -0.996466, -0.0839985, 5.35849e-05, -0.723779, 0.239346)
bind/6/name = &"Mouth"
bind/6/bone = -1
bind/6/pose = Transform3D(1, -2.07509e-06, -5.45569e-07, 4.09273e-12, -0.25427, 0.967133, -2.14564e-06, -0.967133, -0.254269, 6.23977e-07, -0.820141, 0.290813)
bind/7/name = &"Eye.L"
bind/7/bone = -1
bind/7/pose = Transform3D(-0.00488675, -0.471598, 0.8818, 0.874051, 0.426383, 0.232879, -0.48581, 0.771876, 0.410117, -0.65069, -0.339007, -0.408676)
bind/8/name = &"Eye.R"
bind/8/bone = -1
bind/8/pose = Transform3D(-0.00488679, 0.471598, -0.8818, -0.874051, 0.426383, 0.232879, 0.485809, 0.771876, 0.410117, 0.65069, -0.339007, -0.408676)
bind/9/name = &"Flipper_F_1.L"
bind/9/bone = -1
bind/9/pose = Transform3D(0.598996, 0.215997, 0.77107, 0.779692, -0.376716, -0.500166, 0.18244, 0.900795, -0.394062, -0.525722, 0.133478, 0.155315)
bind/10/name = &"Flipper_F_2.L"
bind/10/bone = -1
bind/10/pose = Transform3D(0.713914, 0.225163, 0.663045, 0.688324, -0.399555, -0.605447, 0.128598, 0.888627, -0.440233, -0.506166, 0.0877306, 0.191778)
bind/11/name = &"Flipper_F_3.L"
bind/11/bone = -1
bind/11/pose = Transform3D(0.836239, 0.00581852, 0.548334, 0.512404, -0.364441, -0.777577, 0.195311, 0.931209, -0.307741, -0.521431, 0.0938359, 0.118169)
bind/12/name = &"Flipper_F_1.R"
bind/12/bone = -1
bind/12/pose = Transform3D(0.598996, -0.215997, -0.77107, -0.779692, -0.376716, -0.500166, -0.18244, 0.900795, -0.394062, 0.525722, 0.133478, 0.155315)
bind/13/name = &"Flipper_F_2.R"
bind/13/bone = -1
bind/13/pose = Transform3D(0.713914, -0.225163, -0.663045, -0.688324, -0.399555, -0.605447, -0.128598, 0.888627, -0.440233, 0.506166, 0.0877306, 0.191778)
bind/14/name = &"Flipper_F_3.R"
bind/14/bone = -1
bind/14/pose = Transform3D(0.836239, -0.00581852, -0.548334, -0.512404, -0.364441, -0.777577, -0.195311, 0.931209, -0.307741, 0.521431, 0.0938359, 0.118169)
bind/15/name = &"spine_3"
bind/15/bone = -1
bind/15/pose = Transform3D(1, 4.0306e-14, 2.84541e-14, 2.83989e-14, 0.000803487, -1, -2.84446e-14, 1, 0.000803371, -1.04659e-14, 0.154039, -0.150957)
bind/16/name = &"spine_4"
bind/16/bone = -1
bind/16/pose = Transform3D(1, 8.44618e-15, -1.9243e-16, -3.12388e-16, -0.0254891, -0.999675, 3.43125e-15, 0.999675, -0.0254892, -7.22305e-15, -0.0294113, -0.151782)
bind/17/name = &"spine_5"
bind/17/bone = -1
bind/17/pose = Transform3D(1, 8.2309e-15, 7.35938e-17, 6.1073e-17, 0.00544086, -0.999985, 3.6531e-15, 0.999985, 0.00544075, -7.12498e-15, -0.251748, -0.144065)
bind/18/name = &"spine_6"
bind/18/bone = -1
bind/18/pose = Transform3D(1, 8.16001e-15, 1.54297e-16, 1.78309e-16, 0.0151503, -0.999885, 3.72199e-15, 0.999885, 0.0151502, -7.08093e-15, -0.419488, -0.139999)
bind/19/name = &"spine_7"
bind/19/bone = -1
bind/19/pose = Transform3D(1, 7.88868e-15, 4.36616e-16, 6.05646e-16, 0.0505417, -0.998722, 3.97006e-15, 0.998722, 0.0505416, -6.87775e-15, -0.583487, -0.119415)
bind/20/name = &"Tail"
bind/20/bone = -1
bind/20/pose = Transform3D(1, 7.82565e-15, 4.96793e-16, 7.00671e-16, 0.0584111, -0.998293, 4.02457e-15, 0.998293, 0.058411, -6.82239e-15, -0.762587, -0.113409)
bind/21/name = &"Flipper_B_1.L"
bind/21/bone = -1
bind/21/pose = Transform3D(0.458688, -0.0869851, 0.88433, 0.888108, 0.0779146, -0.452983, -0.0294995, 0.993158, 0.11299, 0.827874, -0.451224, -0.0650625)
bind/22/name = &"Flipper_B_2.L"
bind/22/bone = -1
bind/22/pose = Transform3D(0.583863, -0.0542862, 0.810035, 0.811773, 0.0251256, -0.583432, 0.0113197, 0.998209, 0.0587379, 0.726123, -0.727449, -0.127384)
bind/23/name = &"Flipper_B_1.R"
bind/23/bone = -1
bind/23/pose = Transform3D(0.458688, 0.0869851, -0.88433, -0.888108, 0.0779146, -0.452983, 0.0294995, 0.993158, 0.11299, -0.827874, -0.451224, -0.0650625)
bind/24/name = &"Flipper_B_2.R"
bind/24/bone = -1
bind/24/pose = Transform3D(0.583863, 0.0542862, -0.810035, -0.811773, 0.0251256, -0.583432, -0.0113197, 0.998209, 0.0587379, -0.726123, -0.727449, -0.127384)
bind/25/name = &"Fin_1"
bind/25/bone = -1
bind/25/pose = Transform3D(1, 7.74215e-08, 2.25498e-07, 3.55271e-14, 0.945807, -0.32473, -2.38419e-07, 0.324729, 0.945807, -2.98955e-08, -0.35755, -0.125391)
bind/26/name = &"Fin_2"
bind/26/bone = -1
bind/26/pose = Transform3D(1, 1.52813e-07, 1.83007e-07, -7.10543e-15, 0.767586, -0.640946, -2.38419e-07, 0.640946, 0.767586, -6.65283e-08, -0.378947, -0.27904)
bind/27/name = &"Fin_3"
bind/27/bone = -1
bind/27/pose = Transform3D(1, 1.82201e-07, 1.53773e-07, 7.10543e-15, 0.644971, -0.764207, -2.38419e-07, 0.764207, 0.644971, -8.48766e-08, -0.413261, -0.355998)

[sub_resource type="AnimationLibrary" id="AnimationLibrary_ras6a"]
_data = {
"Long-billed_Dolphin|Long-billed_Dolphin|Attack": ExtResource("2_hstj1"),
"Long-billed_Dolphin|Long-billed_Dolphin|Attack_2": ExtResource("3_rfvh3"),
"Long-billed_Dolphin|Long-billed_Dolphin|Death": ExtResource("4_u7k30"),
"Long-billed_Dolphin|Long-billed_Dolphin|Eat": ExtResource("5_6g23k"),
"Long-billed_Dolphin|Long-billed_Dolphin|Idle_1": ExtResource("6_krjee"),
"Long-billed_Dolphin|Long-billed_Dolphin|Idle_2": ExtResource("7_3w5mi"),
"Long-billed_Dolphin|Long-billed_Dolphin|Swim_F_Attack_RM": ExtResource("8_iimob"),
"Long-billed_Dolphin|Long-billed_Dolphin|Swim_F_IP": ExtResource("12_qm8tj"),
"Long-billed_Dolphin|Long-billed_Dolphin|Swim_Fast_FU_RM": ExtResource("11_or7og"),
"Long-billed_Dolphin|Long-billed_Dolphin|Swim_Fast_F_IP": ExtResource("9_hwccq"),
"Long-billed_Dolphin|Long-billed_Dolphin|Swim_Fast_F_RM": ExtResource("10_tt0ou")
}

[sub_resource type="AnimationNodeAnimation" id="AnimationNodeAnimation_ebs7t"]
animation = &"Long-billed_Dolphin|Long-billed_Dolphin|Eat"
use_custom_timeline = true
timeline_length = 1.1
stretch_time_scale = true
start_offset = 0.0
loop_mode = 0

[sub_resource type="AnimationNodeAnimation" id="AnimationNodeAnimation_a3lc6"]
animation = &"Long-billed_Dolphin|Long-billed_Dolphin|Idle_1"

[sub_resource type="AnimationNodeAnimation" id="AnimationNodeAnimation_kmool"]
animation = &"Long-billed_Dolphin|Long-billed_Dolphin|Idle_2"
use_custom_timeline = true
timeline_length = 3.375
stretch_time_scale = true
start_offset = 0.0
loop_mode = 1

[sub_resource type="AnimationNodeAnimation" id="AnimationNodeAnimation_5cirl"]
animation = &"Long-billed_Dolphin|Long-billed_Dolphin|Swim_F_IP"

[sub_resource type="AnimationNodeAnimation" id="AnimationNodeAnimation_f8hej"]
animation = &"Long-billed_Dolphin|Long-billed_Dolphin|Swim_Fast_F_IP"
use_custom_timeline = true
timeline_length = 0.3
stretch_time_scale = true
start_offset = 0.0
loop_mode = 1

[sub_resource type="AnimationNodeStateMachineTransition" id="AnimationNodeStateMachineTransition_mfsix"]
xfade_time = 0.5
advance_mode = 2
advance_expression = "is_state(1)"

[sub_resource type="AnimationNodeStateMachineTransition" id="AnimationNodeStateMachineTransition_rgsmy"]
xfade_time = 0.5
advance_mode = 2
advance_expression = "is_state(0)"

[sub_resource type="AnimationNodeStateMachineTransition" id="AnimationNodeStateMachineTransition_dnu36"]
xfade_time = 0.5
advance_mode = 2
advance_expression = "is_state(2)"

[sub_resource type="AnimationNodeStateMachineTransition" id="AnimationNodeStateMachineTransition_qefrd"]
xfade_time = 0.5
advance_mode = 2
advance_expression = "is_state(1)"

[sub_resource type="AnimationNodeStateMachineTransition" id="AnimationNodeStateMachineTransition_dfgx0"]
xfade_time = 0.5
advance_mode = 2
advance_expression = "is_state(3)"

[sub_resource type="AnimationNodeStateMachineTransition" id="AnimationNodeStateMachineTransition_ka4hd"]
xfade_time = 0.5
advance_mode = 2
advance_expression = "is_state(2)"

[sub_resource type="AnimationNodeStateMachineTransition" id="AnimationNodeStateMachineTransition_dcpma"]
xfade_time = 0.5
advance_mode = 2
advance_expression = "is_state(0)"

[sub_resource type="AnimationNodeStateMachineTransition" id="AnimationNodeStateMachineTransition_suw6b"]
xfade_time = 0.5
advance_mode = 2
advance_expression = "is_state(3)"

[sub_resource type="AnimationNodeStateMachineTransition" id="AnimationNodeStateMachineTransition_ovq7l"]
xfade_time = 0.5
advance_mode = 2
advance_expression = "is_state(3)"

[sub_resource type="AnimationNodeStateMachineTransition" id="AnimationNodeStateMachineTransition_c7jgk"]
xfade_time = 0.5
advance_mode = 2
advance_expression = "is_state(1)"

[sub_resource type="AnimationNodeStateMachineTransition" id="AnimationNodeStateMachineTransition_0jo4a"]
xfade_time = 0.5
advance_mode = 2
advance_expression = "is_state(0)"

[sub_resource type="AnimationNodeStateMachineTransition" id="AnimationNodeStateMachineTransition_h4joo"]
xfade_time = 0.5
advance_mode = 2
advance_expression = "is_state(2)"

[sub_resource type="AnimationNodeStateMachineTransition" id="AnimationNodeStateMachineTransition_gxqge"]
advance_mode = 2

[sub_resource type="AnimationNodeStateMachineTransition" id="AnimationNodeStateMachineTransition_87m3l"]
xfade_time = 0.5
advance_mode = 2
advance_expression = "catching_fish"

[sub_resource type="AnimationNodeStateMachineTransition" id="AnimationNodeStateMachineTransition_7xlvj"]
xfade_time = 0.5
advance_mode = 2
advance_expression = "catching_fish"

[sub_resource type="AnimationNodeStateMachineTransition" id="AnimationNodeStateMachineTransition_my6f0"]
xfade_time = 0.5
advance_mode = 2
advance_expression = "catching_fish"

[sub_resource type="AnimationNodeStateMachineTransition" id="AnimationNodeStateMachineTransition_6fff6"]
xfade_time = 0.5
advance_mode = 2
advance_expression = "catching_fish"

[sub_resource type="AnimationNodeStateMachineTransition" id="AnimationNodeStateMachineTransition_knxoj"]
xfade_time = 0.5
switch_mode = 2
advance_mode = 2

[sub_resource type="AnimationNodeStateMachineTransition" id="AnimationNodeStateMachineTransition_q7a3r"]
xfade_time = 0.5
switch_mode = 2
advance_mode = 2

[sub_resource type="AnimationNodeStateMachineTransition" id="AnimationNodeStateMachineTransition_l2u1v"]
xfade_time = 0.5
switch_mode = 2
advance_mode = 2

[sub_resource type="AnimationNodeStateMachineTransition" id="AnimationNodeStateMachineTransition_2ynk6"]
xfade_time = 0.5
switch_mode = 2
advance_mode = 2

[sub_resource type="AnimationNodeStateMachine" id="AnimationNodeStateMachine_abj6q"]
states/End/position = Vector2(1279, 100)
states/Long-billed_Dolphin|Long-billed_Dolphin|Eat/node = SubResource("AnimationNodeAnimation_ebs7t")
states/Long-billed_Dolphin|Long-billed_Dolphin|Eat/position = Vector2(1115, 639)
states/Long-billed_Dolphin|Long-billed_Dolphin|Idle_1/node = SubResource("AnimationNodeAnimation_a3lc6")
states/Long-billed_Dolphin|Long-billed_Dolphin|Idle_1/position = Vector2(380, 100)
states/Long-billed_Dolphin|Long-billed_Dolphin|Idle_2/node = SubResource("AnimationNodeAnimation_kmool")
states/Long-billed_Dolphin|Long-billed_Dolphin|Idle_2/position = Vector2(1025, 100)
states/Long-billed_Dolphin|Long-billed_Dolphin|Swim_F_IP/node = SubResource("AnimationNodeAnimation_5cirl")
states/Long-billed_Dolphin|Long-billed_Dolphin|Swim_F_IP/position = Vector2(691, -8)
states/Long-billed_Dolphin|Long-billed_Dolphin|Swim_Fast_F_IP/node = SubResource("AnimationNodeAnimation_f8hej")
states/Long-billed_Dolphin|Long-billed_Dolphin|Swim_Fast_F_IP/position = Vector2(691, 192)
states/Start/position = Vector2(126, 100)
transitions = ["Long-billed_Dolphin|Long-billed_Dolphin|Idle_1", "Long-billed_Dolphin|Long-billed_Dolphin|Swim_F_IP", SubResource("AnimationNodeStateMachineTransition_mfsix"), "Long-billed_Dolphin|Long-billed_Dolphin|Swim_F_IP", "Long-billed_Dolphin|Long-billed_Dolphin|Idle_1", SubResource("AnimationNodeStateMachineTransition_rgsmy"), "Long-billed_Dolphin|Long-billed_Dolphin|Swim_F_IP", "Long-billed_Dolphin|Long-billed_Dolphin|Idle_2", SubResource("AnimationNodeStateMachineTransition_dnu36"), "Long-billed_Dolphin|Long-billed_Dolphin|Idle_2", "Long-billed_Dolphin|Long-billed_Dolphin|Swim_F_IP", SubResource("AnimationNodeStateMachineTransition_qefrd"), "Long-billed_Dolphin|Long-billed_Dolphin|Idle_2", "Long-billed_Dolphin|Long-billed_Dolphin|Swim_Fast_F_IP", SubResource("AnimationNodeStateMachineTransition_dfgx0"), "Long-billed_Dolphin|Long-billed_Dolphin|Swim_Fast_F_IP", "Long-billed_Dolphin|Long-billed_Dolphin|Idle_2", SubResource("AnimationNodeStateMachineTransition_ka4hd"), "Long-billed_Dolphin|Long-billed_Dolphin|Swim_Fast_F_IP", "Long-billed_Dolphin|Long-billed_Dolphin|Idle_1", SubResource("AnimationNodeStateMachineTransition_dcpma"), "Long-billed_Dolphin|Long-billed_Dolphin|Idle_1", "Long-billed_Dolphin|Long-billed_Dolphin|Swim_Fast_F_IP", SubResource("AnimationNodeStateMachineTransition_suw6b"), "Long-billed_Dolphin|Long-billed_Dolphin|Swim_F_IP", "Long-billed_Dolphin|Long-billed_Dolphin|Swim_Fast_F_IP", SubResource("AnimationNodeStateMachineTransition_ovq7l"), "Long-billed_Dolphin|Long-billed_Dolphin|Swim_Fast_F_IP", "Long-billed_Dolphin|Long-billed_Dolphin|Swim_F_IP", SubResource("AnimationNodeStateMachineTransition_c7jgk"), "Long-billed_Dolphin|Long-billed_Dolphin|Idle_2", "Long-billed_Dolphin|Long-billed_Dolphin|Idle_1", SubResource("AnimationNodeStateMachineTransition_0jo4a"), "Long-billed_Dolphin|Long-billed_Dolphin|Idle_1", "Long-billed_Dolphin|Long-billed_Dolphin|Idle_2", SubResource("AnimationNodeStateMachineTransition_h4joo"), "Start", "Long-billed_Dolphin|Long-billed_Dolphin|Idle_1", SubResource("AnimationNodeStateMachineTransition_gxqge"), "Long-billed_Dolphin|Long-billed_Dolphin|Swim_Fast_F_IP", "Long-billed_Dolphin|Long-billed_Dolphin|Eat", SubResource("AnimationNodeStateMachineTransition_87m3l"), "Long-billed_Dolphin|Long-billed_Dolphin|Idle_2", "Long-billed_Dolphin|Long-billed_Dolphin|Eat", SubResource("AnimationNodeStateMachineTransition_7xlvj"), "Long-billed_Dolphin|Long-billed_Dolphin|Idle_1", "Long-billed_Dolphin|Long-billed_Dolphin|Eat", SubResource("AnimationNodeStateMachineTransition_my6f0"), "Long-billed_Dolphin|Long-billed_Dolphin|Swim_F_IP", "Long-billed_Dolphin|Long-billed_Dolphin|Eat", SubResource("AnimationNodeStateMachineTransition_6fff6"), "Long-billed_Dolphin|Long-billed_Dolphin|Eat", "Long-billed_Dolphin|Long-billed_Dolphin|Idle_2", SubResource("AnimationNodeStateMachineTransition_knxoj"), "Long-billed_Dolphin|Long-billed_Dolphin|Eat", "Long-billed_Dolphin|Long-billed_Dolphin|Swim_Fast_F_IP", SubResource("AnimationNodeStateMachineTransition_q7a3r"), "Long-billed_Dolphin|Long-billed_Dolphin|Eat", "Long-billed_Dolphin|Long-billed_Dolphin|Swim_F_IP", SubResource("AnimationNodeStateMachineTransition_l2u1v"), "Long-billed_Dolphin|Long-billed_Dolphin|Eat", "Long-billed_Dolphin|Long-billed_Dolphin|Idle_1", SubResource("AnimationNodeStateMachineTransition_2ynk6")]
graph_offset = Vector2(25, 20)

[sub_resource type="AnimationNodeTimeScale" id="AnimationNodeTimeScale_c5xeq"]

[sub_resource type="AnimationNodeBlendTree" id="AnimationNodeBlendTree_4jcgp"]
graph_offset = Vector2(-129, 76)
nodes/StateMachine/node = SubResource("AnimationNodeStateMachine_abj6q")
nodes/StateMachine/position = Vector2(-140, 120)
nodes/TimeScale/node = SubResource("AnimationNodeTimeScale_c5xeq")
nodes/TimeScale/position = Vector2(100, 160)
node_connections = [&"TimeScale", 0, &"StateMachine", &"output", 0, &"TimeScale"]

[sub_resource type="CapsuleShape3D" id="CapsuleShape3D_xaqd1"]
radius = 0.300182
height = 2.15622

[sub_resource type="SphereShape3D" id="SphereShape3D_rmtuu"]
margin = 0.001
radius = 0.22

[sub_resource type="SphereShape3D" id="SphereShape3D_4ort3"]
margin = 0.001
radius = 0.11

[sub_resource type="AnimationNodeAnimation" id="AnimationNodeAnimation_iyflx"]
animation = &"Long-billed_Dolphin|Long-billed_Dolphin|Idle_1"

[sub_resource type="AnimationNodeAnimation" id="AnimationNodeAnimation_qpkiq"]
animation = &"Long-billed_Dolphin|Long-billed_Dolphin|Idle_2"

[sub_resource type="AnimationNodeAnimation" id="AnimationNodeAnimation_0ffuj"]
animation = &"Long-billed_Dolphin|Long-billed_Dolphin|Swim_F_IP"

[sub_resource type="AnimationNodeAnimation" id="AnimationNodeAnimation_mvi2n"]
animation = &"Long-billed_Dolphin|Long-billed_Dolphin|Swim_Fast_F_IP"

[sub_resource type="AnimationNodeStateMachineTransition" id="AnimationNodeStateMachineTransition_jmfrk"]
xfade_time = 0.5
advance_mode = 2
advance_expression = "is_state(1)"

[sub_resource type="AnimationNodeStateMachineTransition" id="AnimationNodeStateMachineTransition_63xr3"]
xfade_time = 0.5
advance_mode = 2
advance_expression = "is_state(0)"

[sub_resource type="AnimationNodeStateMachineTransition" id="AnimationNodeStateMachineTransition_pjjvy"]
xfade_time = 0.5
advance_mode = 2
advance_expression = "is_state(2)"

[sub_resource type="AnimationNodeStateMachineTransition" id="AnimationNodeStateMachineTransition_75k51"]
xfade_time = 0.5
advance_mode = 2
advance_expression = "is_state(1)"

[sub_resource type="AnimationNodeStateMachineTransition" id="AnimationNodeStateMachineTransition_y08lx"]
xfade_time = 0.5
advance_mode = 2
advance_expression = "is_state(3)"

[sub_resource type="AnimationNodeStateMachineTransition" id="AnimationNodeStateMachineTransition_4e1nm"]
xfade_time = 0.5
advance_mode = 2
advance_expression = "is_state(1)"

[sub_resource type="AnimationNodeStateMachineTransition" id="AnimationNodeStateMachineTransition_wo8bg"]
xfade_time = 0.5
advance_mode = 2
advance_expression = "is_state(3)"

[sub_resource type="AnimationNodeStateMachineTransition" id="AnimationNodeStateMachineTransition_8xgtm"]
xfade_time = 0.5
advance_mode = 2
advance_expression = "is_state(2)"

[sub_resource type="AnimationNodeStateMachineTransition" id="AnimationNodeStateMachineTransition_22bi2"]
xfade_time = 0.5
advance_mode = 2
advance_expression = "is_state(3)"

[sub_resource type="AnimationNodeStateMachineTransition" id="AnimationNodeStateMachineTransition_01vv6"]
xfade_time = 0.5
advance_mode = 2
advance_expression = "is_state(0)"

[sub_resource type="AnimationNodeStateMachineTransition" id="AnimationNodeStateMachineTransition_m38m5"]
xfade_time = 0.5
advance_mode = 2
advance_expression = "is_state(2)"

[sub_resource type="AnimationNodeStateMachineTransition" id="AnimationNodeStateMachineTransition_3a5hr"]
xfade_time = 0.5
advance_mode = 2
advance_expression = "is_state(0)"

[sub_resource type="AnimationNodeStateMachineTransition" id="AnimationNodeStateMachineTransition_6xg7y"]
advance_mode = 2

[sub_resource type="AnimationNodeStateMachine" id="AnimationNodeStateMachine_b4det"]
states/End/position = Vector2(1185, 90)
states/Long-billed_Dolphin|Long-billed_Dolphin|Idle_1/node = SubResource("AnimationNodeAnimation_iyflx")
states/Long-billed_Dolphin|Long-billed_Dolphin|Idle_1/position = Vector2(931, 100)
states/Long-billed_Dolphin|Long-billed_Dolphin|Idle_2/node = SubResource("AnimationNodeAnimation_qpkiq")
states/Long-billed_Dolphin|Long-billed_Dolphin|Idle_2/position = Vector2(335, 100)
states/Long-billed_Dolphin|Long-billed_Dolphin|Swim_F_IP/node = SubResource("AnimationNodeAnimation_0ffuj")
states/Long-billed_Dolphin|Long-billed_Dolphin|Swim_F_IP/position = Vector2(621, 9)
states/Long-billed_Dolphin|Long-billed_Dolphin|Swim_Fast_F_IP/node = SubResource("AnimationNodeAnimation_mvi2n")
states/Long-billed_Dolphin|Long-billed_Dolphin|Swim_Fast_F_IP/position = Vector2(621, 191)
states/Start/position = Vector2(87, 100)
transitions = ["Long-billed_Dolphin|Long-billed_Dolphin|Idle_2", "Long-billed_Dolphin|Long-billed_Dolphin|Swim_F_IP", SubResource("AnimationNodeStateMachineTransition_jmfrk"), "Long-billed_Dolphin|Long-billed_Dolphin|Swim_F_IP", "Long-billed_Dolphin|Long-billed_Dolphin|Idle_2", SubResource("AnimationNodeStateMachineTransition_63xr3"), "Long-billed_Dolphin|Long-billed_Dolphin|Swim_F_IP", "Long-billed_Dolphin|Long-billed_Dolphin|Idle_1", SubResource("AnimationNodeStateMachineTransition_pjjvy"), "Long-billed_Dolphin|Long-billed_Dolphin|Idle_1", "Long-billed_Dolphin|Long-billed_Dolphin|Swim_F_IP", SubResource("AnimationNodeStateMachineTransition_75k51"), "Long-billed_Dolphin|Long-billed_Dolphin|Swim_F_IP", "Long-billed_Dolphin|Long-billed_Dolphin|Swim_Fast_F_IP", SubResource("AnimationNodeStateMachineTransition_y08lx"), "Long-billed_Dolphin|Long-billed_Dolphin|Swim_Fast_F_IP", "Long-billed_Dolphin|Long-billed_Dolphin|Swim_F_IP", SubResource("AnimationNodeStateMachineTransition_4e1nm"), "Long-billed_Dolphin|Long-billed_Dolphin|Idle_1", "Long-billed_Dolphin|Long-billed_Dolphin|Swim_Fast_F_IP", SubResource("AnimationNodeStateMachineTransition_wo8bg"), "Long-billed_Dolphin|Long-billed_Dolphin|Swim_Fast_F_IP", "Long-billed_Dolphin|Long-billed_Dolphin|Idle_1", SubResource("AnimationNodeStateMachineTransition_8xgtm"), "Long-billed_Dolphin|Long-billed_Dolphin|Idle_2", "Long-billed_Dolphin|Long-billed_Dolphin|Swim_Fast_F_IP", SubResource("AnimationNodeStateMachineTransition_22bi2"), "Long-billed_Dolphin|Long-billed_Dolphin|Swim_Fast_F_IP", "Long-billed_Dolphin|Long-billed_Dolphin|Idle_2", SubResource("AnimationNodeStateMachineTransition_01vv6"), "Long-billed_Dolphin|Long-billed_Dolphin|Idle_2", "Long-billed_Dolphin|Long-billed_Dolphin|Idle_1", SubResource("AnimationNodeStateMachineTransition_m38m5"), "Long-billed_Dolphin|Long-billed_Dolphin|Idle_1", "Long-billed_Dolphin|Long-billed_Dolphin|Idle_2", SubResource("AnimationNodeStateMachineTransition_3a5hr"), "Start", "Long-billed_Dolphin|Long-billed_Dolphin|Idle_2", SubResource("AnimationNodeStateMachineTransition_6xg7y")]
graph_offset = Vector2(42, -21)

[sub_resource type="AnimationNodeTimeScale" id="AnimationNodeTimeScale_evfoc"]

[sub_resource type="AnimationNodeBlendTree" id="AnimationNodeBlendTree_si66c"]
graph_offset = Vector2(-52, 37)
nodes/StateMachine/node = SubResource("AnimationNodeStateMachine_b4det")
nodes/StateMachine/position = Vector2(0, 100)
nodes/TimeScale/node = SubResource("AnimationNodeTimeScale_evfoc")
nodes/TimeScale/position = Vector2(240, 140)
nodes/output/position = Vector2(420, 140)
node_connections = [&"TimeScale", 0, &"StateMachine", &"output", 0, &"TimeScale"]

[node name="CommonDolphin" type="Node3D" node_paths=PackedStringArray("fish_mesh", "audio_stream_player", "main_dolphin", "calf", "calf_target_pos", "obstacle_area", "obstacle_avoidance_area")]
script = ExtResource("1_cd8p8")
fish_mesh = NodePath("common_dolphin/Long-billed_Dolphin/Skeleton3D/FishBoneAttachment3D/FishMesh")
audio_stream_player = NodePath("DolphinAudioPlayer")
main_dolphin = NodePath("common_dolphin")
calf = NodePath("Calf")
calf_target_pos = NodePath("CalfTargetPos")
obstacle_area = NodePath("ObstacleArea3D")
obstacle_avoidance_area = NodePath("ObstacleAvoidanceArea3D")

[node name="common_dolphin" type="Node3D" parent="."]
transform = Transform3D(-0.88, 0, 7.6932e-08, 0, 0.88, 0, -7.6932e-08, 0, -0.88, 0, -0.101563, 0)

[node name="Long-billed_Dolphin" type="Node3D" parent="common_dolphin"]

[node name="Skeleton3D" type="Skeleton3D" parent="common_dolphin/Long-billed_Dolphin"]
bones/0/name = "Root"
bones/0/parent = -1
bones/0/rest = Transform3D(1, 0, 0, 0, 1, 5.96047e-08, 0, -5.96047e-08, 1, 0, 0, 0)
bones/0/enabled = true
bones/0/position = Vector3(0, 0, 0)
bones/0/rotation = Quaternion(5.1658e-08, 0, 0, 1)
bones/0/scale = Vector3(1, 1, 1)
bones/1/name = "Base"
bones/1/parent = 0
bones/1/rest = Transform3D(1, -2.5411e-21, 2.38419e-07, -2.5411e-21, 1, 2.13163e-14, -2.38419e-07, -2.13163e-14, 1, 0, 0.632305, -1.42109e-14)
bones/1/enabled = true
bones/1/position = Vector3(0, 0.632305, -1.42109e-14)
bones/1/rotation = Quaternion(4.44089e-15, 1.19209e-07, 1.05879e-22, 1)
bones/1/scale = Vector3(1, 1, 1)
bones/2/name = "spine_2"
bones/2/parent = 1
bones/2/rest = Transform3D(1, -2.38404e-07, -2.59362e-09, -7.10543e-14, 0.0108781, -0.999941, 2.38419e-07, 0.999941, 0.0108781, -3.72935e-08, -0.482875, 0.15642)
bones/2/enabled = true
bones/2/position = Vector3(-3.72935e-08, -0.482875, 0.15642)
bones/2/rotation = Quaternion(0.70325, -8.4751e-08, 8.38339e-08, 0.710942)
bones/2/scale = Vector3(1, 1, 1)
bones/3/name = "spine_1"
bones/3/parent = 2
bones/3/rest = Transform3D(1, 1.42605e-15, 7.7424e-14, 7.60516e-17, 0.999812, -0.0193975, -7.74371e-14, 0.0193975, 0.999812, -6.50939e-22, 0.186346, 9.31323e-10)
bones/3/enabled = true
bones/3/position = Vector3(-6.50939e-22, 0.186346, 9.31323e-10)
bones/3/rotation = Quaternion(0.00969922, 3.87171e-14, -3.37516e-16, 0.999953)
bones/3/scale = Vector3(1, 1, 1)
bones/4/name = "Spine"
bones/4/parent = 3
bones/4/rest = Transform3D(1, 0, 2.62263e-06, -3.83697e-07, 0.98924, 0.146302, -2.59441e-06, -0.146302, 0.98924, -7.4529e-22, 0.197914, -1.86265e-09)
bones/4/enabled = true
bones/4/position = Vector3(-7.4529e-22, 0.197914, -1.86265e-09)
bones/4/rotation = Quaternion(-0.0733488, 1.30778e-06, -9.61834e-08, 0.997306)
bones/4/scale = Vector3(1, 1, 1)
bones/5/name = "Head"
bones/5/parent = 4
bones/5/rest = Transform3D(1, -5.78491e-07, -0.000226439, -4.93831e-05, 0.975369, -0.220578, 0.000220989, 0.220578, 0.975369, 7.67528e-14, 0.202598, 0)
bones/5/enabled = true
bones/5/position = Vector3(7.67528e-14, 0.202598, 0)
bones/5/rotation = Quaternion(0.110974, -0.000112552, -1.2277e-05, 0.993823)
bones/5/scale = Vector3(1, 1, 1)
bones/6/name = "Mouth"
bones/6/parent = 5
bones/6/rest = Transform3D(1, 3.85372e-05, 0.000218393, -3.69333e-07, 0.985074, -0.172133, -0.000221767, 0.172133, 0.985074, 2.10552e-05, 0.134179, 0.0940467)
bones/6/enabled = true
bones/6/position = Vector3(1.52131e-05, 0.133645, 0.0679202)
bones/6/rotation = Quaternion(0.0527432, 0.000110714, -5.97126e-06, 0.998608)
bones/6/scale = Vector3(1, 1, 1)
bones/7/name = "Eye.L"
bones/7/parent = 5
bones/7/rest = Transform3D(-0.00479806, 0.873952, -0.48599, 0.918298, 0.19624, 0.343831, 0.395862, -0.444633, -0.803489, 0.0945945, 0.0807902, 0.0178293)
bones/7/enabled = true
bones/7/position = Vector3(0.0945944, 0.0807902, 0.0178431)
bones/7/rotation = Quaternion(0.63294, 0.707907, -0.0355986, -0.311429)
bones/7/scale = Vector3(1, 1, 1)
bones/8/name = "Eye.R"
bones/8/parent = 5
bones/8/rest = Transform3D(-0.00497544, -0.874151, 0.48563, -0.918297, 0.19624, 0.343831, -0.39586, -0.444242, -0.803707, -0.0945865, 0.0807902, 0.0178717)
bones/8/enabled = true
bones/8/position = Vector3(-0.0945865, 0.0807901, 0.0178855)
bones/8/rotation = Quaternion(-0.632948, 0.707976, -0.0354568, 0.311271)
bones/8/scale = Vector3(1, 1, 1)
bones/9/name = "Flipper_F_1.L"
bones/9/parent = 3
bones/9/rest = Transform3D(0.598996, 0.779692, 0.18244, 0.769202, -0.496938, -0.401723, -0.222559, 0.380964, -0.897404, 0.182498, 0.191658, 0.125899)
bones/9/enabled = true
bones/9/position = Vector3(0.182498, 0.191658, 0.125899)
bones/9/rotation = Quaternion(0.868661, 0.442904, -0.0102219, 0.221719)
bones/9/scale = Vector3(1, 1, 1)
bones/10/name = "Flipper_F_2.L"
bones/10/parent = 9
bones/10/rest = Transform3D(0.98752, -0.140842, -0.0704804, 0.140178, 0.990023, -0.0143034, 0.0717917, 0.00424503, 0.997411, 2.79397e-09, 0.12032, 7.45058e-09)
bones/10/enabled = true
bones/10/position = Vector3(2.79397e-09, 0.12032, 7.45058e-09)
bones/10/rotation = Quaternion(-0.00272763, -0.00387508, 0.109941, 0.993927)
bones/10/scale = Vector3(1, 1, 1)
bones/11/name = "Flipper_F_3.L"
bones/11/parent = 10
bones/11/rest = Transform3D(0.961883, -0.231815, 0.145063, 0.241291, 0.969096, -0.0513104, -0.128685, 0.084357, 0.988091, -1.30385e-08, 0.128675, 0)
bones/11/enabled = true
bones/11/position = Vector3(-1.30385e-08, 0.128675, 0)
bones/11/rotation = Quaternion(0.0334886, 0.0720418, 0.171664, 0.981947)
bones/11/scale = Vector3(1, 1, 1)
bones/12/name = "Flipper_F_1.R"
bones/12/parent = 3
bones/12/rest = Transform3D(0.598996, -0.779692, -0.18244, -0.769202, -0.496938, -0.401723, 0.222559, 0.380964, -0.897404, -0.182498, 0.191658, 0.125899)
bones/12/enabled = true
bones/12/position = Vector3(-0.182498, 0.191658, 0.125899)
bones/12/rotation = Quaternion(0.868661, -0.442904, 0.0102219, 0.221719)
bones/12/scale = Vector3(1, 1, 1)
bones/13/name = "Flipper_F_2.R"
bones/13/parent = 12
bones/13/rest = Transform3D(0.98752, 0.140842, 0.0704804, -0.140178, 0.990023, -0.0143034, -0.0717917, 0.00424503, 0.997411, -2.79397e-09, 0.12032, 7.45058e-09)
bones/13/enabled = true
bones/13/position = Vector3(-2.79397e-09, 0.12032, 7.45058e-09)
bones/13/rotation = Quaternion(-0.00272762, 0.00387506, -0.109941, 0.993927)
bones/13/scale = Vector3(1, 1, 1)
bones/14/name = "Flipper_F_3.R"
bones/14/parent = 13
bones/14/rest = Transform3D(0.961883, 0.231815, -0.145063, -0.241291, 0.969096, -0.0513104, 0.128685, 0.084357, 0.988091, 1.30385e-08, 0.128675, 0)
bones/14/enabled = true
bones/14/position = Vector3(1.30385e-08, 0.128675, 0)
bones/14/rotation = Quaternion(0.0334886, -0.0720418, -0.171664, 0.981947)
bones/14/scale = Vector3(1, 1, 1)
bones/15/name = "spine_3"
bones/15/parent = 1
bones/15/rest = Transform3D(1, 2.38418e-07, -1.91655e-10, 0, 0.000803888, 1, 2.38419e-07, -1, 0.000803888, -3.67546e-08, -0.481473, 0.15416)
bones/15/enabled = true
bones/15/position = Vector3(-3.67546e-08, -0.481473, 0.15416)
bones/15/rotation = Quaternion(-0.737867, -8.04598e-08, -8.79606e-08, 0.674946)
bones/15/scale = Vector3(1, 1, 1)
bones/16/name = "spine_4"
bones/16/parent = 15
bones/16/rest = Transform3D(1, -2.94493e-14, 3.11193e-14, 2.86209e-14, 0.999654, 0.0262923, -3.18828e-14, -0.0262923, 0.999654, 6.14324e-16, 0.18743, 1.89993e-08)
bones/16/enabled = true
bones/16/position = Vector3(6.14324e-16, 0.18743, 1.89993e-08)
bones/16/rotation = Quaternion(-0.0278022, 1.57025e-14, 1.50277e-14, 0.999614)
bones/16/scale = Vector3(1, 1, 1)
bones/17/name = "spine_5"
bones/17/parent = 16
bones/17/rest = Transform3D(1, 2.67191e-16, 2.13827e-16, -2.6045e-16, 0.999522, -0.0309278, -2.21988e-16, 0.0309278, 0.999522, -3.3749e-22, 0.217761, 4.65661e-09)
bones/17/enabled = true
bones/17/position = Vector3(-3.3749e-22, 0.217761, 4.65661e-09)
bones/17/rotation = Quaternion(-0.00267213, 3.0003e-16, 1.74151e-16, 0.999996)
bones/17/scale = Vector3(1, 1, 1)
bones/18/name = "spine_6"
bones/18/parent = 17
bones/18/rest = Transform3D(1, 8.17682e-17, 6.96593e-17, -8.10879e-17, 0.999953, -0.00970987, -7.045e-17, 0.00970987, 0.999953, -4.6653e-22, 0.166361, -6.75209e-09)
bones/18/enabled = true
bones/18/position = Vector3(-4.6653e-22, 0.166361, -6.75209e-09)
bones/18/rotation = Quaternion(-0.0080994, 2.02395e-16, 2.14449e-16, 0.999967)
bones/18/scale = Vector3(1, 1, 1)
bones/19/name = "spine_7"
bones/19/parent = 18
bones/19/rest = Transform3D(1, 2.95671e-16, 2.56717e-16, -2.86397e-16, 0.999373, -0.0354049, -2.67024e-16, 0.0354049, 0.999373, 1.32349e-22, 0.159405, 1.95578e-08)
bones/19/enabled = true
bones/19/position = Vector3(1.32349e-22, 0.159405, 1.95578e-08)
bones/19/rotation = Quaternion(0.0106452, 2.65799e-16, 5.02462e-17, 0.999943)
bones/19/scale = Vector3(1, 1, 1)
bones/20/name = "Tail"
bones/20/parent = 19
bones/20/rest = Transform3D(1, 6.3756e-17, 5.94047e-17, -6.32858e-17, 0.999969, -0.00788103, -5.99053e-17, 0.00788103, 0.999969, 1.85288e-22, 0.178182, 0)
bones/20/enabled = true
bones/20/position = Vector3(1.85288e-22, 0.178182, 0)
bones/20/rotation = Quaternion(0.0134213, 1.14994e-16, 7.01893e-17, 0.99991)
bones/20/scale = Vector3(1, 1, 1)
bones/21/name = "Flipper_B_1.L"
bones/21/parent = 20
bones/21/rest = Transform3D(0.458688, 0.888108, -0.0294995, -0.887901, 0.456761, -0.0547862, -0.0351819, 0.0513224, 0.998062, 0.0190807, 0.17502, 0.00381168)
bones/21/enabled = true
bones/21/position = Vector3(0.0190807, 0.17502, 0.0038117)
bones/21/rotation = Quaternion(0.0549838, 0.0222736, -0.509631, 0.858346)
bones/21/scale = Vector3(1, 1, 1)
bones/22/name = "Flipper_B_2.L"
bones/22/parent = 21
bones/22/rest = Transform3D(0.988871, -0.145782, -0.0296933, 0.147372, 0.987185, 0.0612209, 0.0203878, -0.0649155, 0.997682, 3.72529e-08, 0.167691, -9.31323e-09)
bones/22/enabled = true
bones/22/position = Vector3(3.72529e-08, 0.167691, -9.31323e-09)
bones/22/rotation = Quaternion(0.00152883, 0.00237945, 0.0817485, 0.996649)
bones/22/scale = Vector3(1, 1, 1)
bones/23/name = "Flipper_B_1.R"
bones/23/parent = 20
bones/23/rest = Transform3D(0.458688, -0.888108, 0.0294995, 0.887901, 0.456761, -0.0547862, 0.0351819, 0.0513224, 0.998062, -0.0190807, 0.17502, 0.00381168)
bones/23/enabled = true
bones/23/position = Vector3(-0.0190807, 0.17502, 0.0038117)
bones/23/rotation = Quaternion(0.0549838, -0.0222736, 0.509631, 0.858346)
bones/23/scale = Vector3(1, 1, 1)
bones/24/name = "Flipper_B_2.R"
bones/24/parent = 23
bones/24/rest = Transform3D(0.988871, 0.145782, 0.0296933, -0.147372, 0.987185, 0.0612209, -0.0203878, -0.0649155, 0.997682, -3.72529e-08, 0.167691, -9.31323e-09)
bones/24/enabled = true
bones/24/position = Vector3(-3.72529e-08, 0.167691, -9.31323e-09)
bones/24/rotation = Quaternion(0.00152883, -0.00237946, -0.0817485, 0.996649)
bones/24/scale = Vector3(1, 1, 1)
bones/25/name = "Fin_1"
bones/25/parent = 15
bones/25/rest = Transform3D(1, 7.10543e-15, -2.38419e-07, -2.25436e-07, 0.325489, -0.945546, 7.76026e-08, 0.945546, 0.325489, 1.08633e-14, 0.151855, 0.227937)
bones/25/enabled = true
bones/25/position = Vector3(1.08633e-14, 0.151855, 0.227937)
bones/25/rotation = Quaternion(0.580633, 0.0146273, -0.0085822, 0.813989)
bones/25/scale = Vector3(1, 1, 1)
bones/26/name = "Fin_2"
bones/26/parent = 25
bones/26/rest = Transform3D(1, -8.51044e-08, -1.57066e-08, 8.51044e-08, 0.934122, 0.356954, -1.57065e-08, -0.356954, 0.934122, -3.70245e-15, 0.0960362, -9.31323e-09)
bones/26/enabled = true
bones/26/position = Vector3(-3.70245e-15, 0.0960362, -9.31323e-09)
bones/26/rotation = Quaternion(-0.181364, 0.0218983, -0.0317998, 0.982658)
bones/26/scale = Vector3(1, 1, 1)
bones/27/name = "Fin_3"
bones/27/parent = 26
bones/27/rest = Transform3D(1, -4.12949e-08, -3.60336e-09, 4.12948e-08, 0.984886, 0.173203, -3.6035e-09, -0.173203, 0.984886, -7.69837e-15, 0.0897285, -2.98023e-08)
bones/27/enabled = true
bones/27/position = Vector3(-7.69837e-15, 0.0897285, -2.98023e-08)
bones/27/rotation = Quaternion(-0.0862431, 0.0961525, -0.0806941, 0.988335)
bones/27/scale = Vector3(1, 1, 1)

[node name="Long-billed_Dolphin_Mesh_LOD0" type="MeshInstance3D" parent="common_dolphin/Long-billed_Dolphin/Skeleton3D"]
mesh = ExtResource("1_4h7pd")
skin = SubResource("Skin_3eg57")
surface_material_override/0 = ExtResource("3_b4mgh")
script = ExtResource("4_h47no")
low_quality_materials = Array[Material]([ExtResource("3_b4mgh")])
high_quality_materials = Array[Material]([ExtResource("5_6jgn7")])

[node name="FishBoneAttachment3D" type="BoneAttachment3D" parent="common_dolphin/Long-billed_Dolphin/Skeleton3D"]
transform = Transform3D(1, 2.12422e-08, -2.14466e-06, -2.10226e-06, -0.188499, -0.982073, -4.2514e-07, 0.982073, -0.188499, 7.115e-09, 0.0987964, 0.868793)
bone_name = "Mouth"
bone_idx = 6

[node name="FishMesh" type="MeshInstance3D" parent="common_dolphin/Long-billed_Dolphin/Skeleton3D/FishBoneAttachment3D"]
transform = Transform3D(0.0965748, 0.884613, 0.456215, -0.94132, -0.0677548, 0.330643, 0.323401, -0.461377, 0.826162, -0.0102261, 0.138948, -0.0336409)
visible = false
material_override = ExtResource("6_s34vq")
mesh = ExtResource("7_1iyih")

[node name="AnimationPlayer" type="AnimationPlayer" parent="common_dolphin"]
deterministic = true
libraries = {
"": SubResource("AnimationLibrary_ras6a")
}

[node name="AnimationTree" type="AnimationTree" parent="."]
root_node = NodePath("../common_dolphin")
tree_root = SubResource("AnimationNodeBlendTree_4jcgp")
advance_expression_base_node = NodePath("..")
anim_player = NodePath("../common_dolphin/AnimationPlayer")
parameters/TimeScale/scale = 0.5

[node name="ObstacleArea3D" type="Area3D" parent="."]
transform = Transform3D(1, 0, 0, 0, 1, 0, 0, 0, 1, 0, -0.0752696, 0)
collision_layer = 512
collision_mask = 0
monitoring = false
monitorable = false

[node name="CollisionShape3D" type="CollisionShape3D" parent="ObstacleArea3D"]
transform = Transform3D(1, 0, 0, 0, -4.37114e-08, -1, 0, 1, -4.37114e-08, 0, 0.102466, 0.0101544)
shape = SubResource("CapsuleShape3D_xaqd1")

[node name="ObstacleAvoidanceArea3D" type="Area3D" parent="."]
transform = Transform3D(1, 0, 0, 0, 1, 0, 0, 0, 1, 0.000202648, 0.0293578, -1.33656)
collision_layer = 1024
collision_mask = 512
